2023-06-14T04:10:00Z,896,409,15096,26.75,26.75,,83.75,83.75,,863.77,863.77,,,,,0,3.9,4,3.7,12.7,12.9,12.4,9.2,9.4,9.1,154.7,152.8,156.8,844.7435,862.845,826.642,219.2215,223.218,215.225,40.9815,43.753,38.21,3.7074999999999996,4.002,3.413,0.599,0.325,0.873,0.3835,0.11,0.657,3.326,3.41,3.242,3.326,3.41,3.242,5.4825,5.68,5.285,5.4825,5.68,5.285,5.925,5.893,5.957,5.925,5.893,5.957
2023-06-14T04:20:00Z,1433,419,16248,25.4,25.4,,85.6,85.6,,863.786,863.786,,,,,0,3.6,3.5,3.7,11.8,11.4,12.2,8.8,8.6,9,161.6,165,158.4,784.8420000000001,757.392,812.292,208.24099999999999,204.714,211.768,38.492999999999995,37.608,39.378,4.678,4.74,4.616,1.28,1.108,1.452,0.621,0.48,0.762,3.1959999999999997,3.108,3.284,3.1959999999999997,3.108,3.284,5.288,5.184,5.392,5.288,5.184,5.392,6.243,5.988,6.498,6.243,5.988,6.498
2023-06-14T04:30:00Z,2033,375,16888,24.8,24.8,,86.8,86.8,,863.714,863.714,,,,,0,3.4,3.5,3.3,11.2,11,11.4,8.5,8.4,8.6,166.6,168.2,165,745.156,732.572,757.74,198.353,195.52,201.186,35.572,36.958,34.186,3.292,2.584,4,0.62,0.306,0.934,0.34,0.212,0.468,2.931,2.95,2.912,2.931,2.95,2.912,4.788,4.706,4.87,4.788,4.706,4.87,5.2330000000000005,4.972,5.494,5.2330000000000005,4.972,5.494
2023-06-14T04:40:00Z,2633,378,17528,23.8,23.8,,87.6,87.6,,863.564,863.564,,,,,0,3.2,3.1,3.4,10.3,9.6,11,8,7.7,8.4,174.5,181,168.4,686.2629999999999,641.194,731.332,181.25,170.688,191.812,34.933,33.17,36.696,3.729,3.166,4.292,0.488,0.444,0.532,0.323,0.39,0.256,2.51,2.22,2.8,2.51,2.22,2.8,4.452999999999999,4.02,4.886,4.452999999999999,4.02,4.886,4.811999999999999,4.388,5.236,4.811999999999999,4.388,5.236
2023-06-14T04:50:00Z,3233,388,16888,23,23,,88,88,,863.558,863.558,,,,,0,3.3,3.2,3.3,10.5,10,11.1,8.2,7.9,8.5,172.2,177.6,167,702.807,664.108,741.506,185.23399999999998,173.908,196.56,34.32,34.258,34.382,3.01,2.48,3.54,0.502,0.282,0.722,0.322,0.274,0.37,2.69,2.488,2.892,2.69,2.488,2.892,4.483,4.27,4.696,4.483,4.27,4.696,4.882,4.506,5.258,4.882,4.506,5.258
2023-06-14T05:00:00Z,3833,445,16888,22,22,,88.4,88.4,,863.556,863.556,,,,,0,3,2.9,3.1,10.1,9.5,10.6,7.9,7.6,8.2,176.5,181.9,171.3,672.303,635.394,709.212,176.214,166.534,185.894,30.936999999999998,29.76,32.114,3.092,2.782,3.402,0.787,0.46,1.114,0.367,0.256,0.478,2.4939999999999998,2.262,2.726,2.4939999999999998,2.262,2.726,4.108,3.868,4.348,4.108,3.868,4.348,4.639,4.142,5.136,4.639,4.142,5.136
2023-06-14T05:10:00Z,4433,377,17208,21.8,21.8,,89,89,,863.524,863.524,,,,,0,3.2,3.3,3.2,10.3,10,10.5,8,7.9,8.2,174.7,176.9,172.5,684.9649999999999,669.54,700.39,182.971,176.838,189.104,33.585,34.912,32.258,2.3,2.236,2.364,0.452,0.366,0.538,0.182,0.27,0.094,2.56,2.432,2.688,2.56,2.432,2.688,4.167,4.018,4.316,4.167,4.018,4.316,4.47,4.278,4.662,4.47,4.278,4.662
2023-06-14T05:20:00Z,5033,435,17208,21,21,,89,89,,863.534,863.534,,,,,0,3.3,3.1,3.5,10.2,9.4,10.9,8,7.6,8.4,175.6,182.9,168.9,678.2170000000001,629.32,727.114,182.301,166.804,197.798,34.748000000000005,32.832,36.664,2.601,2.222,2.98,0.284,0.092,0.476,0.284,0.092,0.476,2.609,2.314,2.904,2.609,2.314,2.904,4.373,3.95,4.796,4.373,3.95,4.796,4.648999999999999,4.028,5.27,4.648999999999999,4.028,5.27
2023-06-14T05:30:00Z,5633,364,17208,21,21,,89,89,,863.456,863.456,,,,,0,3.2,3.2,3.3,10.5,10.1,10.9,8.1,7.9,8.4,172.6,176.3,169.1,699.419,673.098,725.74,185.744,179.48,192.008,33.988,33.808,34.168,2.886,2.578,3.194,0.505,0.27,0.74,0.22699999999999998,0.168,0.286,2.745,2.574,2.916,2.745,2.574,2.916,4.534,4.318,4.75,4.534,4.318,4.75,4.9399999999999995,4.526,5.354,4.9399999999999995,4.526,5.354
2023-06-14T05:40:00Z,6233,374,17032,21,21,,89,89,,863.286,863.286,,,,,0,3.1,3,3.2,9.8,9.2,10.3,7.8,7.5,8.1,179.5,184.9,174.3,651.765,616.092,687.438,173.75400000000002,166.334,181.174,32.628,32.446,32.81,2.36,2.34,2.38,0.46499999999999997,0.22,0.71,0.23299999999999998,0.112,0.354,2.5999999999999996,2.444,2.756,2.5999999999999996,2.444,2.756,4.115,4.018,4.212,4.115,4.018,4.212,4.48,4.19,4.77,4.48,4.19,4.77
2023-06-14T05:50:00Z,6833,422,16712,21,21,,89,89,,863.222,863.222,,,,,0,3.2,3.2,3.2,10.1,9.6,10.6,7.9,7.7,8.2,176.3,181.4,171.4,673.5029999999999,638.65,708.356,178.088,166.236,189.94,33.001999999999995,33.29,32.714,1.838,1.36,2.316,0.259,0.226,0.292,0.174,0.152,0.196,2.694,2.496,2.892,2.694,2.496,2.892,4.238,3.97,4.506,4.238,3.97,4.506,4.45,4.166,4.734,4.45,4.166,4.734
2023-06-14T06:00:00Z,7433,395,16072,20.6,20.6,,89,89,,863.174,863.174,,,,,0,3.3,3.2,3.4,10.4,10.1,10.8,8.1,7.9,8.3,173.1,176.3,170.1,695.879,673.452,718.306,187.609,182.604,192.614,34.228,32.88,35.576,1.969,1.524,2.414,0.239,0.228,0.25,0.161,0.072,0.25,2.815,2.634,2.996,2.815,2.634,2.996,4.515,4.254,4.776,4.515,4.254,4.776,4.696,4.406,4.986,4.696,4.406,4.986
2023-06-14T06:10:00Z,8033,387,16392,20,20,,89.2,89.2,,863.082,863.082,,,,,0,3.1,3,3.3,9.8,9.3,10.4,7.8,7.5,8.1,178.8,184,173.9,656.0999999999999,621.89,690.31,174.014,164.572,183.456,33.384,31.586,35.182,2.4779999999999998,1.676,3.28,0.405,0.274,0.536,0.20600000000000002,0.186,0.226,2.419,2.274,2.564,2.419,2.274,2.564,4.021,3.696,4.346,4.021,3.696,4.346,4.311,3.934,4.688,4.311,3.934,4.688
2023-06-14T06:20:00Z,8633,390,17352,20,20,,90,90,,863.028,863.028,,,,,0,3.1,3.1,3,10,10,10,7.9,7.9,7.9,177,177.1,176.9,668.5429999999999,667.584,669.502,177.167,176.264,178.07,30.874000000000002,31.928,29.82,1.744,1.636,1.852,0.285,0.092,0.478,0.138,0.092,0.184,2.525,2.456,2.594,2.525,2.456,2.594,4.013,4.028,3.998,4.013,4.028,3.998,4.202,4.104,4.3,4.202,4.104,4.3
2023-06-14T06:30:00Z,9233,358,16712,20,20,,89.2,89.2,,862.994,862.994,,,,,0,3.3,3,3.6,10.4,9.6,11.1,8.1,7.7,8.5,173.7,181.1,166.9,691.9860000000001,641.118,742.854,186.652,172.658,200.646,34.003,30.84,37.166,1.506,1.742,1.27,0.32799999999999996,0.182,0.474,0.153,0.1,0.206,2.693,2.472,2.914,2.693,2.472,2.914,4.215,3.936,4.494,4.215,3.936,4.494,4.498,4.11,4.886,4.498,4.11,4.886
2023-06-14T06:40:00Z,9834,893,16746,20.6,20.6,,89.6,89.6,,862.748,862.748,,,,,0,3.3,3.2,3.4,10.5,10.1,10.9,8.1,7.9,8.4,172.7,176.7,168.8,699.321,670.524,728.118,187.149,177.962,196.336,33.896,32.404,35.388,1.7910000000000001,1.108,2.474,0.17500000000000002,0.07,0.28,0.035,0.07,0,2.7359999999999998,2.44,3.032,2.7359999999999998,2.44,3.032,4.38,3.968,4.792,4.38,3.968,4.792,4.497999999999999,4.018,4.978,4.497999999999999,4.018,4.978
2023-06-14T06:50:00Z,10433,486,16392,20,20,,90,90,,862.862,862.862,,,,,0,3.4,3.2,3.6,10.7,10.1,11.3,8.3,7.9,8.6,170.6,176.2,165.3,714.798,674.212,755.384,190.173,178.416,201.93,34.225,31.868,36.582,1.328,1.06,1.596,0.22799999999999998,0.104,0.352,0.083,0,0.166,2.989,2.566,3.412,2.989,2.566,3.412,4.429,4.022,4.836,4.429,4.022,4.836,4.633,4.074,5.192,4.633,4.074,5.192
2023-06-14T07:00:00Z,11033,363,17032,20,20,,90,90,,862.812,862.812,,,,,0,3.5,3.4,3.6,10.9,10,11.9,8.4,7.9,8.9,168.7,177.6,160.6,728.859,664.498,793.22,197.547,185.522,209.572,36.894999999999996,37.406,36.384,2.887,2.688,3.086,0.42000000000000004,0.524,0.316,0.262,0.316,0.208,3.117,2.684,3.55,3.117,2.684,3.55,5.083,4.706,5.46,5.083,4.706,5.46,5.377,5.05,5.704,5.377,5.05,5.704
2023-06-14T07:10:00Z,11633,476,16712,19.6,19.6,,90,90,,862.812,862.812,,,,,0,3.7,3.5,3.8,11.3,10.7,11.9,8.6,8.3,8.9,165.5,170.4,160.8,753.938,716.066,791.81,202.315,188.766,215.864,38.364000000000004,36.692,40.036,1.968,1.54,2.396,0.505,0.096,0.914,0.236,0,0.472,3.071,2.732,3.41,3.071,2.732,3.41,4.801,4.358,5.244,4.801,4.358,5.244,5.16,4.406,5.914,5.16,4.406,5.914
2023-06-14T07:20:00Z,12233,582,16712,19,19,,90,90,,862.718,862.718,,,,,0,3.9,4,3.8,11.7,11.5,12,8.8,8.7,8.9,161.9,164,159.9,782.393,765.678,799.108,210.755,206.862,214.648,42.962,44.884,41.04,3.6710000000000003,2.634,4.708,0.307,0.17,0.444,0.094,0.09,0.098,3.347,3.156,3.538,3.347,3.156,3.538,5.731,5.56,5.902,5.731,5.56,5.902,5.977,5.718,6.236,5.977,5.718,6.236
2023-06-14T07:30:00Z,12833,350,16712,19,19,,90,90,,862.716,862.716,,,,,0,3.7,3.8,3.6,11.4,11,11.7,8.6,8.4,8.8,165,167.7,162.5,757.194,736.522,777.866,200.268,193.76,206.776,39.616,42.318,36.914,2.6719999999999997,2.134,3.21,0.412,0.11,0.714,0.13,0.11,0.15,3.283,3.206,3.36,3.283,3.206,3.36,5.172000000000001,5.186,5.158,5.172000000000001,5.186,5.158,5.452999999999999,5.262,5.644,5.452999999999999,5.262,5.644
2023-06-14T07:40:00Z,13433,359,17032,19,19,,90,90,,862.636,862.636,,,,,0,3.7,3.6,3.7,11,10.5,11.6,8.4,8.1,8.7,167.8,172.8,163.1,735.863,698.59,773.136,198.904,187.528,210.28,40.11,39.508,40.712,3.333,2.416,4.25,0.46799999999999997,0.29,0.646,0.34099999999999997,0.198,0.484,3.059,2.784,3.334,3.059,2.784,3.334,5.227,4.818,5.636,5.227,4.818,5.636,5.585,5.014,6.156,5.585,5.014,6.156
2023-06-14T07:50:00Z,14033,356,17352,19,19,,90,90,,862.68,862.68,,,,,0,3.7,3.6,3.8,11.3,10.7,12,8.6,8.2,8.9,165.2,171.1,159.6,756.229,710.682,801.776,201.16500000000002,192.918,209.412,40.147999999999996,39.546,40.75,2.584,2.496,2.672,0.287,0.204,0.37,0.078,0.042,0.114,3.001,3.066,2.936,3.001,3.066,2.936,4.998,4.934,5.062,4.998,4.934,5.062,5.223000000000001,5.086,5.36,5.223000000000001,5.086,5.36
2023-06-14T08:00:00Z,14633,359,16712,19,19,,90,90,,862.614,862.614,,,,,0,3.5,3.3,3.7,10.9,10.3,11.6,8.4,8,8.7,168.8,174.8,163.3,727.723,684.058,771.388,192.493,181.54,203.446,37.516000000000005,35.228,39.804,2.224,2.006,2.442,0.379,0.202,0.556,0.078,0.156,0,2.9800000000000004,2.74,3.22,2.9800000000000004,2.74,3.22,4.769,4.328,5.21,4.769,4.328,5.21,5.087,4.524,5.65,5.087,4.524,5.65
2023-06-14T08:10:00Z,15233,355,17032,19,19,,90,90,,862.484,862.484,,,,,0,3.4,3.4,3.4,10.5,9.9,11,8.1,7.9,8.4,173,177.9,168.4,696.697,662.524,730.87,187.267,175.924,198.61,35.91,36.296,35.524,2.331,1.784,2.878,0.183,0.172,0.194,0.041,0.082,0,2.847,2.53,3.164,2.847,2.53,3.164,4.712999999999999,4.342,5.084,4.712999999999999,4.342,5.084,4.877000000000001,4.506,5.248,4.877000000000001,4.506,5.248
2023-06-14T08:20:00Z,15833,361,16712,19,19,,90,90,,862.46,862.46,,,,,0,3.4,3.4,3.3,10.4,9.9,10.9,8.1,7.8,8.4,173.4,178.5,168.5,694.182,658.366,729.998,185.868,177.162,194.574,35.421,37.428,33.414,2.04,1.566,2.514,0.42300000000000004,0.308,0.538,0.084,0,0.168,2.793,2.688,2.898,2.793,2.688,2.898,4.504,4.466,4.542,4.504,4.466,4.542,4.795,4.628,4.962,4.795,4.628,4.962
2023-06-14T08:30:00Z,16433,369,17352,19,19,,90,90,,862.326,862.326,,,,,0,3.3,3.1,3.4,10.1,9.6,10.6,7.9,7.7,8.2,176.2,181.3,171.4,674.0899999999999,639.53,708.65,180.36700000000002,172.172,188.562,34.79,33.018,36.562,2.432,1.804,3.06,0.139,0.096,0.182,0,0,0,2.6790000000000003,2.448,2.91,2.6790000000000003,2.448,2.91,4.4350000000000005,4.136,4.734,4.4350000000000005,4.136,4.734,4.579,4.236,4.922,4.579,4.236,4.922
2023-06-14T08:40:00Z,17033,373,17032,18,18,,90,90,,862.298,862.298,,,,,0,3.4,3.3,3.6,10.5,9.7,11.2,8.1,7.7,8.5,172.8,180.1,166,698.582,647.81,749.354,189.399,177.554,201.244,36.548,34.796,38.3,2.259,1.678,2.84,0.215,0.184,0.246,0.037,0,0.074,2.8310000000000004,2.474,3.188,2.8310000000000004,2.474,3.188,4.572,4.064,5.08,4.572,4.064,5.08,4.739,4.164,5.314,4.739,4.164,5.314
2023-06-14T08:50:00Z,17633,465,17032,18,18,,89.8,89.8,,862.19,862.19,,,,,0,3.5,3.3,3.6,10.7,10,11.4,8.3,7.9,8.6,170.8,177.7,164.4,713.078,663.402,762.754,190.91199999999998,176.624,205.2,35.979,34.542,37.416,1.749,1.652,1.846,0.154,0.308,0,0.037,0.074,0,2.9530000000000003,2.488,3.418,2.9530000000000003,2.488,3.418,4.734,4.224,5.244,4.734,4.224,5.244,4.840999999999999,4.404,5.278,4.840999999999999,4.404,5.278
2023-06-14T09:00:00Z,18233,372,16712,18,18,,90,90,,862.116,862.116,,,,,0,3.7,3.7,3.8,11.1,10.6,11.5,8.5,8.2,8.7,167.4,171.3,163.7,738.909,709.436,768.382,200.801,193.656,207.946,40.290000000000006,39.444,41.136,2.611,1.836,3.386,0.36100000000000004,0.168,0.554,0.139,0,0.278,3.055,2.744,3.366,3.055,2.744,3.366,4.975,4.466,5.484,4.975,4.466,5.484,5.199,4.594,5.804,5.199,4.594,5.804
2023-06-14T09:10:00Z,18833,377,17032,18,18,,90,90,,862.118,862.118,,,,,0,3.8,3.9,3.7,11.1,10.9,11.3,8.5,8.4,8.6,167.1,168.7,165.5,741.004,728.754,753.254,200.86599999999999,197.296,204.436,40.946,43.668,38.224,2.3920000000000003,2.692,2.092,0.264,0.252,0.276,0.119,0.146,0.092,2.907,2.762,3.052,2.907,2.762,3.052,4.979,5.128,4.83,4.979,5.128,4.83,5.1739999999999995,5.324,5.024,5.1739999999999995,5.324,5.024
2023-06-14T09:20:00Z,19433,357,17032,18,18,,89.8,89.8,,862.138,862.138,,,,,0,3.7,3.8,3.6,11,10.7,11.3,8.4,8.3,8.6,168,170.6,165.4,734.51,714.628,754.392,198.89100000000002,193.852,203.93,40.039,42.388,37.69,2.247,1.888,2.606,0.099,0.016,0.182,0.099,0.016,0.182,3.084,3.02,3.148,3.084,3.02,3.148,5.0809999999999995,5.142,5.02,5.0809999999999995,5.142,5.02,5.182,5.15,5.214,5.182,5.15,5.214
2023-06-14T09:30:00Z,20033,356,17032,18,18,,90,90,,862.188,862.188,,,,,0,3.7,3.5,3.8,11.1,10.3,11.8,8.4,8,8.8,167.7,174.4,161.4,736.733,686.848,786.618,199.14800000000002,187.336,210.96,39.345,38.856,39.834,2.419,2.512,2.326,0.357,0.268,0.446,0.041,0.082,0,3.1470000000000002,2.872,3.422,3.1470000000000002,2.872,3.422,5.039,4.716,5.362,5.039,4.716,5.362,5.296,4.918,5.674,5.296,4.918,5.674
2023-06-14T09:40:00Z,20633,356,17032,18,18,,89.8,89.8,,862.048,862.048,,,,,0,3.8,3.9,3.8,11.1,10.5,11.7,8.5,8.2,8.8,167.2,172.1,162.5,740.479,703.048,777.91,201.548,193.38,209.716,42.182,44.422,39.942,2.4240000000000004,2.212,2.636,0.15,0.106,0.194,0.098,0.106,0.09,3.269,2.932,3.606,3.269,2.932,3.606,5.308,5.174,5.442,5.308,5.174,5.442,5.469,5.28,5.658,5.469,5.28,5.658
2023-06-14T09:50:00Z,21233,358,17352,18,18,,90,90,,862.158,862.158,,,,,0,3.8,3.5,4.1,11,10.1,11.9,8.4,7.9,8.9,168,176.4,160.5,733.762,672.716,794.808,197.89999999999998,183.194,212.606,41.137,37.666,44.608,1.9809999999999999,1.816,2.146,0.243,0.108,0.378,0.056,0,0.112,2.979,2.776,3.182,2.979,2.776,3.182,5.029999999999999,4.656,5.404,5.029999999999999,4.656,5.404,5.198,4.71,5.686,5.198,4.71,5.686
2023-06-14T10:00:00Z,21833,352,16712,18,18,,90,90,,862.114,862.114,,,,,0,3.6,3.4,3.8,11,10.3,11.7,8.4,8,8.8,168.4,174.8,162.5,731.111,684.274,777.948,194.54700000000003,181.11,207.984,38.966,35.822,42.11,2.615,1.594,3.636,0.474,0.084,0.864,0.229,0.084,0.374,2.9459999999999997,2.634,3.258,2.9459999999999997,2.634,3.258,4.817,4.268,5.366,4.817,4.268,5.366,5.147,4.34,5.954,5.147,4.34,5.954
2023-06-14T10:10:00Z,22433,359,17352,18,18,,90,90,,862.052,862.052,,,,,0,3.6,3.5,3.8,11,10.2,11.7,8.4,8,8.8,168.5,175,162.4,730.5440000000001,682.772,778.316,197.332,183.514,211.15,38.409000000000006,36.618,40.2,1.723,1.028,2.418,0.124,0.096,0.152,0.057,0,0.114,2.874,2.438,3.31,2.874,2.438,3.31,4.714,4.016,5.412,4.714,4.016,5.412,4.801,4.08,5.522,4.801,4.08,5.522
2023-06-14T10:20:00Z,23033,363,17352,18,18,,90,90,,861.994,861.994,,,,,0,3.8,3.7,3.9,11.1,10.6,11.6,8.5,8.2,8.7,167.2,171.6,163,740.223,706.744,773.702,196.938,186.846,207.03,40.924,39.998,41.85,2.005,1.872,2.138,0.22499999999999998,0.288,0.162,0.1,0.2,0,2.979,2.672,3.286,2.979,2.672,3.286,4.875,4.52,5.23,4.875,4.52,5.23,5.081,4.746,5.416,5.081,4.746,5.416
2023-06-14T10:30:00Z,23633,357,17066,18.4,18.4,,89.6,89.6,,861.94,861.94,,,,,0,4.2,4.1,4.2,12.2,11.7,12.8,9,8.7,9.3,158.1,162.6,153.9,814.687,776.832,852.542,218.707,210.258,227.156,46.393,45.984,46.802,3.154,2.458,3.85,0.331,0.386,0.276,0.20199999999999999,0.296,0.108,3.409,3.23,3.588,3.409,3.23,3.588,5.884,5.492,6.276,5.884,5.492,6.276,6.124,5.77,6.478,6.124,5.77,6.478
2023-06-14T10:40:00Z,24233,357,16712,19,19,,89,89,,861.948,861.948,,,,,0,4.1,4,4.1,11.9,11.3,12.4,8.9,8.6,9.1,160.9,165.2,156.8,791.428,756.232,826.624,214.327,207.474,221.18,44.535,44.982,44.088,2.747,2.522,2.972,0.531,0.468,0.594,0.222,0.186,0.258,3.472,3.274,3.67,3.472,3.274,3.67,5.625,5.304,5.946,5.625,5.304,5.946,6.018,5.694,6.342,6.018,5.694,6.342
2023-06-14T10:50:00Z,24833,353,17032,19,19,,88.2,88.2,,861.918,861.918,,,,,0,4.3,4.4,4.1,12.4,12.1,12.8,9.1,9,9.3,156.4,159,154,829.668,807.546,851.79,224.447,218.462,230.432,46.657,50.134,43.18,2.7489999999999997,2.186,3.312,0.41300000000000003,0.18,0.646,0.22999999999999998,0.09,0.37,3.604,3.322,3.886,3.604,3.322,3.886,5.861000000000001,5.738,5.984,5.861000000000001,5.738,5.984,6.212,5.886,6.538,6.212,5.886,6.538
2023-06-14T11:00:00Z,25433,358,16712,19,19,,88,88,,861.906,861.906,,,,,0,3.9,3.7,4.1,11.3,10.6,12,8.6,8.2,8.9,165.3,171.6,159.6,754.86,707.294,802.426,205.84699999999998,194.128,217.566,42.083,40.126,44.04,2.377,1.95,2.804,0.42100000000000004,0.3,0.542,0.187,0.3,0.074,3.202,2.834,3.57,3.202,2.834,3.57,5.2,4.682,5.718,5.2,4.682,5.718,5.515000000000001,4.964,6.066,5.515000000000001,4.964,6.066
2023-06-14T11:10:00Z,26033,358,17032,19,19,,89,89,,861.976,861.976,,,,,0,3.6,3.5,3.6,10.9,10.4,11.5,8.4,8.1,8.7,168.7,173.7,164,728.499,691.548,765.45,193.472,182.96,203.984,39.16,38.934,39.386,3.308,2.726,3.89,0.34099999999999997,0.384,0.298,0.044,0.088,0,2.957,2.8,3.114,2.957,2.8,3.114,5.039,4.646,5.432,5.039,4.646,5.432,5.244,4.87,5.618,5.244,4.87,5.618
2023-06-14T11:20:00Z,26633,386,17352,19,19,,89,89,,861.984,861.984,,,,,0,3.5,3.3,3.7,10.6,10.1,11.1,8.2,7.9,8.4,172,176.6,167.6,704.126,671.06,737.192,190.123,181.292,198.954,38.115,36.768,39.462,3.031,3.224,2.838,0.703,0.454,0.952,0.256,0.296,0.216,2.981,2.798,3.164,2.981,2.798,3.164,4.925000000000001,4.836,5.014,4.925000000000001,4.836,5.014,5.398,5.168,5.628,5.398,5.168,5.628
2023-06-14T11:30:00Z,27233,358,17352,19,19,,89,89,,861.98,861.98,,,,,0,3.5,3.5,3.5,10.4,9.7,11.1,8.1,7.7,8.4,173.5,180,167.6,692.9780000000001,648.414,737.542,188.795,177.908,199.682,37.329,38.94,35.718,1.714,1.628,1.8,0.131,0,0.262,0.091,0,0.182,2.784,2.688,2.88,2.784,2.688,2.88,4.664,4.54,4.788,4.664,4.54,4.788,4.758,4.54,4.976,4.758,4.54,4.976
2023-06-14T11:40:00Z,27833,354,17352,19,19,,89,89,,862.002,862.002,,,,,0,3,2.9,3.2,10,9.4,10.7,7.9,7.5,8.3,176.9,183.6,170.6,669.33,624.378,714.282,177.00900000000001,164.294,189.724,30.801000000000002,30.136,31.466,2.051,2.322,1.78,0.251,0.406,0.096,0.132,0.264,0,2.684,2.312,3.056,2.684,2.312,3.056,4.256,3.95,4.562,4.256,3.95,4.562,4.493,4.264,4.722,4.493,4.264,4.722
2023-06-14T11:50:00Z,28434,809,17066,18.6,18.6,,89,89,,861.982,861.982,,,,,0,3.2,3.1,3.3,9.5,9.1,9.8,7.6,7.4,7.8,182.5,186.1,179.1,631.3679999999999,608.66,654.076,169.776,162.908,176.644,34.19,32.672,35.708,1.826,1.682,1.97,0.229,0.084,0.374,0.139,0,0.278,2.519,2.4,2.638,2.519,2.4,2.638,4.138,3.974,4.302,4.138,3.974,4.302,4.302,4.046,4.558,4.302,4.046,4.558
2023-06-14T12:00:00Z,29033,356,17032,18,18,,89,89,,861.964,861.964,,,,,0,3,2.9,3,9.4,8.8,10.1,7.6,7.2,7.9,182.9,190.1,176.1,629.306,583.99,674.622,169.112,159.066,179.158,31.38,31.95,30.81,2.701,2.096,3.306,0.219,0.174,0.264,0.043,0.086,0,2.3360000000000003,2.172,2.5,2.3360000000000003,2.172,2.5,4.085,3.852,4.318,4.085,3.852,4.318,4.22,3.978,4.462,4.22,3.978,4.462
2023-06-14T12:10:00Z,29633,359,17032,18,18,,89,89,,861.926,861.926,,,,,0,2.8,2.7,2.9,8.9,8.1,9.8,7.3,6.8,7.8,188.2,198.1,179.2,595.81,538.312,653.308,159.82999999999998,146.672,172.988,28.959,28.534,29.384,1.796,1.154,2.438,0,0,0,0,0,0,2.166,1.97,2.362,2.166,1.97,2.362,3.604,3.27,3.938,3.604,3.27,3.938,3.653,3.284,4.022,3.653,3.284,4.022
2023-06-14T12:20:00Z,30233,376,17352,18,18,,89,89,,861.888,861.888,,,,,0,3.1,3,3.2,9.5,8.8,10.2,7.6,7.2,8,182.2,189.5,175.4,633.7940000000001,588.042,679.546,168.042,155.32,180.764,32.525,31.918,33.132,1.87,1.756,1.984,0.136,0,0.272,0,0,0,2.29,2.098,2.482,2.29,2.098,2.482,3.795,3.538,4.052,3.795,3.538,4.052,3.9159999999999995,3.538,4.294,3.9159999999999995,3.538,4.294
2023-06-14T12:30:00Z,30833,364,17032,18,18,,88.8,88.8,,861.878,861.878,,,,,0,3.1,3,3.2,9.5,9.2,9.8,7.6,7.5,7.8,182,185,179.1,634.864,615.764,653.964,169.422,166.338,172.506,32.824,31.806,33.842,1.698,1.408,1.988,0.22899999999999998,0.154,0.304,0.087,0,0.174,2.4290000000000003,2.426,2.432,2.4290000000000003,2.426,2.432,3.951,3.87,4.032,3.951,3.87,4.032,4.118,3.982,4.254,4.118,3.982,4.254
2023-06-14T12:40:00Z,31433,355,17032,18,18,,89,89,,861.882,861.882,,,,,0,3,3,3,9.2,8.8,9.7,7.5,7.2,7.7,184.8,189.4,180.5,616.598,588.214,644.982,167.949,160.338,175.56,31.735,32.982,30.488,1.958,1.932,1.984,0.378,0.364,0.392,0.261,0.264,0.258,2.2279999999999998,1.992,2.464,2.2279999999999998,1.992,2.464,3.784,3.594,3.974,3.784,3.594,3.974,4.158,3.954,4.362,4.158,3.954,4.362
2023-06-14T12:50:00Z,32033,352,17032,18,18,,89,89,,861.904,861.904,,,,,0,3,3,2.9,9.4,9,9.7,7.5,7.3,7.7,183.7,187.2,180.4,623.6320000000001,602.09,645.174,165.801,160.06,171.542,31.075,31.918,30.232,2.279,1.982,2.576,0.226,0.272,0.18,0.226,0.272,0.18,2.4290000000000003,2.338,2.52,2.4290000000000003,2.338,2.52,3.931,3.726,4.136,3.931,3.726,4.136,4.15,3.95,4.35,4.15,3.95,4.35
2023-06-14T13:00:00Z,32633,352,17352,18,18,,89,89,,862.046,862.046,,,,,0,3,2.9,3,9.3,8.8,9.8,7.5,7.2,7.8,183.9,189.3,178.8,622.395,588.794,655.996,168.618,160.148,177.088,30.951,30.72,31.182,2.34,2.144,2.536,0.332,0.234,0.43,0.081,0.162,0,2.285,2.162,2.408,2.285,2.162,2.408,3.827,3.618,4.036,3.827,3.618,4.036,4.066,3.796,4.336,4.066,3.796,4.336
2023-06-14T13:10:00Z,33233,360,16712,18,18,,89,89,,862.118,862.118,,,,,0,2.8,2.9,2.8,9,8.4,9.7,7.3,7,7.7,187.3,194.6,180.6,601.1600000000001,558.018,644.302,162.194,150.968,173.42,29.289,30.562,28.016,1.936,1.13,2.742,0.27599999999999997,0.076,0.476,0.096,0,0.192,2.143,1.966,2.32,2.143,1.966,2.32,3.66,3.444,3.876,3.66,3.444,3.876,3.888,3.54,4.236,3.888,3.54,4.236
2023-06-14T13:20:00Z,33833,358,17032,18,18,,89,89,,862.206,862.206,,,,,0,3,3,3.1,9.2,8.4,10,7.5,7,7.9,185.1,194.2,176.9,614.769,560.218,669.32,165.835,152.804,178.866,32.528999999999996,32.804,32.254,2.089,1.386,2.792,0.255,0,0.51,0,0,0,2.3200000000000003,1.896,2.744,2.3200000000000003,1.896,2.744,3.9480000000000004,3.486,4.41,3.9480000000000004,3.486,4.41,4.0840000000000005,3.486,4.682,4.0840000000000005,3.486,4.682
2023-06-14T13:30:00Z,34433,367,17352,18,18,,89,89,,862.238,862.238,,,,,0,3.1,3,3.2,9.4,8.9,10,7.6,7.3,7.9,182.9,188.9,177.3,629.03,591.628,666.432,169.639,161.032,178.246,33.594,32.448,34.74,1.957,1.424,2.49,0.321,0.094,0.548,0.222,0,0.444,2.418,2.188,2.648,2.418,2.188,2.648,3.9799999999999995,3.69,4.27,3.9799999999999995,3.69,4.27,4.244,3.752,4.736,4.244,3.752,4.736
2023-06-14T13:40:00Z,35033,358,17352,18,18,,89,89,,862.268,862.268,,,,,0,3.1,3.1,3.2,10.1,9.6,10.6,7.9,7.7,8.2,176.2,181.1,171.5,674.3969999999999,640.712,708.082,177.647,168.954,186.34,33.051,33.012,33.09,2.613,2.094,3.132,0.386,0.196,0.576,0.11900000000000001,0.1,0.138,2.6180000000000003,2.504,2.732,2.6180000000000003,2.504,2.732,4.316,4.204,4.428,4.316,4.204,4.428,4.606999999999999,4.348,4.866,4.606999999999999,4.348,4.866
2023-06-14T13:50:00Z,35633,363,17352,18.2,18.2,,89,89,,862.464,862.464,,,,,0,3.3,3.3,3.4,10.4,10,10.9,8.1,7.9,8.3,173.1,177.1,169.4,695.8969999999999,667.978,723.816,187.066,176.744,197.388,35.181,35.172,35.19,2.86,2.642,3.078,0.362,0.252,0.472,0.22599999999999998,0.17,0.282,2.8600000000000003,2.588,3.132,2.8600000000000003,2.588,3.132,4.617,4.362,4.872,4.617,4.362,4.872,4.864000000000001,4.514,5.214,4.864000000000001,4.514,5.214
2023-06-14T14:00:00Z,36233,360,17032,19,19,,89,89,,862.454,862.454,,,,,0,3.5,3.5,3.4,10.6,10.1,11,8.2,7.9,8.4,172.1,176.5,167.9,703.639,672.168,735.11,189.824,182.084,197.564,36.828,38.46,35.196,2.457,1.964,2.95,0.397,0.164,0.63,0.16999999999999998,0.094,0.246,2.9370000000000003,2.948,2.926,2.9370000000000003,2.948,2.926,4.651,4.748,4.554,4.651,4.748,4.554,4.949,4.88,5.018,4.949,4.88,5.018
2023-06-14T14:10:00Z,36833,374,17352,19,19,,89,89,,862.414,862.414,,,,,0,3.5,3.5,3.5,11,10.3,11.7,8.4,8.1,8.8,168,174,162.4,734.1120000000001,689.904,778.32,199.454,189.366,209.542,36.735,38.084,35.386,2.31,2.176,2.444,0.393,0.272,0.514,0.20900000000000002,0.088,0.33,3.087,2.926,3.248,3.087,2.926,3.248,4.9079999999999995,4.854,4.962,4.9079999999999995,4.854,4.962,5.183,5.008,5.358,5.183,5.008,5.358
2023-06-14T14:20:00Z,37433,357,17352,19,19,,89,89,,862.456,862.456,,,,,0,3.4,3.4,3.5,11,10.3,11.7,8.4,8.1,8.7,168.2,174.2,162.6,732.626,688.19,777.062,195.90699999999998,183.88,207.934,35.631,36.912,34.35,2.333,2.278,2.388,0.198,0.232,0.164,0.077,0.154,0,3.0519999999999996,2.816,3.288,3.0519999999999996,2.816,3.288,4.76,4.484,5.036,4.76,4.484,5.036,4.915,4.644,5.186,4.915,4.644,5.186
2023-06-14T14:30:00Z,38033,376,17352,19,19,,89,89,,862.578,862.578,,,,,0,4,4.1,3.9,12.1,11.6,12.6,9,8.7,9.2,159.1,162.8,155.6,806.1320000000001,775.338,836.926,214.67700000000002,208.758,220.596,43.846999999999994,46.592,41.102,3.043,3.212,2.874,0.503,0.396,0.61,0.302,0.16,0.444,3.25,3.388,3.112,3.25,3.388,3.112,5.3469999999999995,5.612,5.082,5.3469999999999995,5.612,5.082,5.787,5.99,5.584,5.787,5.99,5.584
2023-06-14T14:40:00Z,38633,376,16712,19,19,,89,89,,862.562,862.562,,,,,0,4.1,4,4.2,12.2,11.5,12.8,9,8.7,9.3,158.6,163.5,153.9,810.982,769.746,852.218,220.328,209.728,230.928,44.443,43.372,45.514,3.231,2.644,3.818,0.473,0.324,0.622,0.19,0.094,0.286,3.4859999999999998,3.23,3.742,3.4859999999999998,3.23,3.742,5.704000000000001,5.436,5.972,5.704000000000001,5.436,5.972,6.051,5.638,6.464,6.051,5.638,6.464
2023-06-14T14:50:00Z,39233,364,17032,19,19,,89,89,,862.526,862.526,,,,,0,4.1,3.9,4.3,12.6,11.5,13.7,9.2,8.6,9.7,155.5,164.2,147.6,837.96,763.64,912.28,225.486,207.798,243.174,43.884,42.804,44.964,2.929,3.006,2.852,0.347,0.246,0.448,0.11699999999999999,0.06,0.174,3.6870000000000003,3.384,3.99,3.6870000000000003,3.384,3.99,5.768000000000001,5.256,6.28,5.768000000000001,5.256,6.28,6.037,5.49,6.584,6.037,5.49,6.584
2023-06-14T15:00:00Z,39833,360,17032,19,19,,89,89,,862.524,862.524,,,,,0,4.3,4.3,4.4,13.5,12.8,14.3,9.6,9.3,10,148.7,154.1,143.7,901.204,850.5,951.908,241.738,225.686,257.79,47.189,48.93,45.448,4.297000000000001,4.152,4.442,0.5920000000000001,0.556,0.628,0.309,0.37,0.248,3.9450000000000003,3.536,4.354,3.9450000000000003,3.536,4.354,6.4190000000000005,6.102,6.736,6.4190000000000005,6.102,6.736,6.883,6.514,7.252,6.883,6.514,7.252
2023-06-14T15:10:00Z,40433,364,16712,19,19,,89,89,,862.472,862.472,,,,,0,4.4,4.4,4.5,13.6,12.8,14.3,9.7,9.3,10,148.3,153.7,143.3,905.399,854.42,956.378,241.01299999999998,229.374,252.652,48.479,49.114,47.844,3.9400000000000004,3.092,4.788,0.619,0.286,0.952,0.33999999999999997,0.178,0.502,3.9669999999999996,3.836,4.098,3.9669999999999996,3.836,4.098,6.494,6.292,6.696,6.494,6.292,6.696,6.933,6.52,7.346,6.933,6.52,7.346
2023-06-14T15:20:00Z,41033,356,16712,19,19,,89,89,,862.63,862.63,,,,,0,4.5,4.4,4.6,13.8,12.8,14.7,9.8,9.3,10.2,147,153.7,140.9,918.2909999999999,854.208,982.374,249.298,237.046,261.55,48.617999999999995,49.126,48.11,4.024,3.598,4.45,0.642,0.546,0.738,0.214,0.252,0.176,4.051,3.836,4.266,4.051,3.836,4.266,6.514,6.158,6.87,6.514,6.158,6.87,6.971,6.492,7.45,6.971,6.492,7.45
2023-06-14T15:30:00Z,41633,352,17352,19,19,,89,89,,862.748,862.748,,,,,0,4.5,4.5,4.6,13.9,12.8,15.1,9.8,9.3,10.3,145.9,153.8,138.8,929.462,853.112,1005.812,251.59699999999998,234.556,268.638,49.393,50.08,48.706,4.502,3.912,5.092,0.5700000000000001,0.374,0.766,0.057,0,0.114,4.189,3.796,4.582,4.189,3.796,4.582,6.907,6.47,7.344,6.907,6.47,7.344,7.321,6.768,7.874,7.321,6.768,7.874
2023-06-14T15:40:00Z,42233,368,17352,19,19,,89,89,,862.752,862.752,,,,,0,4.4,4.2,4.6,14.3,13.3,15.2,10,9.5,10.4,143.7,150.1,137.8,952.086,887.734,1016.438,255.79,237.286,274.294,45.328,43.396,47.26,3.8609999999999998,3.376,4.346,0.659,0.562,0.756,0.29600000000000004,0.332,0.26,4.318,3.814,4.822,4.318,3.814,4.822,6.679,6.056,7.302,6.679,6.056,7.302,7.181,6.486,7.876,7.181,6.486,7.876
2023-06-14T15:50:00Z,42833,358,17352,19,19,,89,89,,862.772,862.772,,,,,0,4.6,4.5,4.7,14.3,13.5,15.2,10,9.6,10.4,143.4,149.1,138.1,955.762,897.726,1013.798,258.87,246.144,271.596,48.894000000000005,47.774,50.014,3.641,2.96,4.322,0.6359999999999999,0.578,0.694,0.449,0.366,0.532,4.2620000000000005,3.968,4.556,4.2620000000000005,3.968,4.556,6.74,6.318,7.162,6.74,6.318,7.162,7.228,6.742,7.714,7.228,6.742,7.714
2023-06-14T16:00:00Z,43433,368,17352,19,19,,89,89,,862.772,862.772,,,,,0,5,4.7,5.2,15.1,14,16.2,10.3,9.9,10.8,138.7,145.6,132.4,1007.008,932.724,1081.292,271.369,252.526,290.212,54.247,51.654,56.84,4.442,3.48,5.404,0.773,0.45,1.096,0.306,0.098,0.514,4.709,4.364,5.054,4.709,4.364,5.054,7.4430000000000005,6.868,8.018,7.4430000000000005,6.868,8.018,7.968,7.146,8.79,7.968,7.146,8.79
2023-06-14T16:10:00Z,44033,383,17352,19,19,,89,89,,862.842,862.842,,,,,0,4.9,4.8,5.1,15.6,15,16.3,10.6,10.3,10.8,135.5,139.2,132.1,1043.067,1000.914,1085.22,275.906,260.514,291.298,52.340999999999994,49.544,55.138,4.038,2.112,5.964,0.525,0.106,0.944,0.162,0,0.324,4.812,4.554,5.07,4.812,4.554,5.07,7.4559999999999995,6.776,8.136,7.4559999999999995,6.776,8.136,7.808,6.83,8.786,7.808,6.83,8.786
2023-06-14T16:20:00Z,44633,371,17032,19,19,,89,89,,862.726,862.726,,,,,0,5.2,5.1,5.4,15.9,14.7,17.2,10.7,10.2,11.2,133.9,141.1,127.4,1062.545,980.132,1144.958,286.05100000000004,262.754,309.348,56.433,55.58,57.286,4.0360000000000005,2.882,5.19,0.6449999999999999,0.158,1.132,0.233,0,0.466,4.916,4.45,5.382,4.916,4.45,5.382,7.797000000000001,7.204,8.39,7.797000000000001,7.204,8.39,8.257000000000001,7.336,9.178,8.257000000000001,7.336,9.178
2023-06-14T16:30:00Z,45233,357,17352,19,19,,89,89,,862.646,862.646,,,,,0,5,4.9,5.1,15.5,14.3,16.7,10.5,10,11,136.3,143.7,129.6,1034.04,951.928,1116.152,281.74199999999996,261.282,302.202,52.968,52.808,53.128,3.62,2.082,5.158,0.613,0.036,1.19,0.317,0,0.634,4.773,4.406,5.14,4.773,4.406,5.14,7.4,6.738,8.062,7.4,6.738,8.062,7.817,6.756,8.878,7.817,6.756,8.878
2023-06-14T16:40:00Z,45833,357,17032,19,19,,89,89,,862.72,862.72,,,,,0,5.4,5.4,5.3,16.4,15.6,17.2,10.9,10.5,11.2,131.4,136.1,127.1,1093.172,1036.982,1149.362,292.548,278.018,307.078,58.646,61.836,55.456,4.614,5,4.228,0.7010000000000001,0.51,0.892,0.21500000000000002,0.16,0.27,5.079000000000001,4.912,5.246,5.079000000000001,4.912,5.246,8.035,8.002,8.068,8.035,8.002,8.068,8.582,8.386,8.778,8.582,8.386,8.778
2023-06-14T16:50:00Z,46433,359,17352,19,19,,89,89,,862.712,862.712,,,,,0,5.2,5,5.4,16.6,15.8,17.3,10.9,10.7,11.2,130.5,134.4,126.8,1104.915,1056.072,1153.758,290.548,277.192,303.904,55.777,53.086,58.468,5.048,3.402,6.694,1.0470000000000002,1.042,1.052,0.6,0.6,0.6,4.977,4.832,5.122,4.977,4.832,5.122,7.829000000000001,7.23,8.428,7.829000000000001,7.23,8.428,8.58,8.016,9.144,8.58,8.016,9.144
2023-06-14T17:00:00Z,47033,355,17352,19,19,,89,89,,862.708,862.708,,,,,0,5.1,5,5.2,16.1,14.9,17.4,10.8,10.2,11.3,132.8,140,126.4,1075.735,992.6,1158.87,290.28499999999997,272.266,308.304,55.017,54.764,55.27,4.885,3.702,6.068,0.788,0.562,1.014,0.3,0.204,0.396,5.087,5.008,5.166,5.087,5.008,5.166,7.9670000000000005,7.642,8.292,7.9670000000000005,7.642,8.292,8.509,8.048,8.97,8.509,8.048,8.97
2023-06-14T17:10:00Z,47633,361,17352,19,19,,88.8,88.8,,862.428,862.428,,,,,0,5.2,5.1,5.4,16.3,15.4,17.2,10.8,10.5,11.2,131.9,136.7,127.5,1086.873,1029.49,1144.256,293.334,275.124,311.544,57.528999999999996,56.376,58.682,5.739000000000001,5.4,6.078,0.8220000000000001,0.59,1.054,0.371,0.448,0.294,5.1739999999999995,4.804,5.544,5.1739999999999995,4.804,5.544,8.302,7.938,8.666,8.302,7.938,8.666,8.866,8.35,9.382,8.866,8.35,9.382
2023-06-14T17:20:00Z,48233,361,17032,19,19,,89,89,,862.536,862.536,,,,,0,5.2,5.1,5.2,15.9,14.9,16.8,10.7,10.3,11,134.3,139.9,129.2,1057.286,993.152,1121.42,284.83299999999997,269.156,300.51,55.942,57.8,54.084,4.772,5.534,4.01,0.712,0.274,1.15,0.43799999999999994,0.184,0.692,5.003,4.682,5.324,5.003,4.682,5.324,7.8919999999999995,7.822,7.962,7.8919999999999995,7.822,7.962,8.436,8.044,8.828,8.436,8.044,8.828
2023-06-14T17:30:00Z,48833,357,17032,19,19,,89,89,,862.474,862.474,,,,,0,5.3,5.1,5.4,16.4,15.3,17.5,10.9,10.4,11.3,131.4,137.6,125.8,1093.008,1019.352,1166.664,294.818,276.232,313.404,56.929,56.414,57.444,5.122,4.934,5.31,0.804,0.398,1.21,0.249,0.164,0.334,5.207000000000001,4.828,5.586,5.207000000000001,4.828,5.586,8.152,7.816,8.488,8.152,7.816,8.488,8.745,8.088,9.402,8.745,8.088,9.402
2023-06-14T17:40:00Z,49433,361,17352,19,19,,89,89,,862.582,862.582,,,,,0,5.3,5.2,5.4,16.3,15,17.5,10.8,10.3,11.3,132.1,139.2,125.7,1084.748,1001.39,1168.106,293.473,273.422,313.524,56.445,56.564,56.326,4.194,3.114,5.274,0.8330000000000001,0.56,1.106,0.45,0.25,0.65,5.064,4.522,5.606,5.064,4.522,5.606,7.887,7.042,8.732,7.887,7.042,8.732,8.511,7.454,9.568,8.511,7.454,9.568
2023-06-14T17:50:00Z,50033,359,17032,19,19,,89,89,,862.526,862.526,,,,,0,5.2,5,5.3,16.1,15,17.3,10.8,10.3,11.2,132.9,139.5,126.8,1075.272,997.288,1153.256,287.95500000000004,268.432,307.478,55.348,55.28,55.416,4.142,3.948,4.336,0.502,0.472,0.532,0.077,0.076,0.078,4.952,4.52,5.384,4.952,4.52,5.384,7.694,7.318,8.07,7.694,7.318,8.07,8.059000000000001,7.612,8.506,8.059000000000001,7.612,8.506
2023-06-14T18:00:00Z,50633,361,17032,18.2,18.2,,89,89,,862.46,862.46,,,,,0,5.2,5.1,5.3,15.8,14.8,16.7,10.6,10.2,11,134.8,140.3,129.7,1052.309,989.248,1115.37,284.483,268.822,300.144,55.944,54.906,56.982,4.143,2.912,5.374,0.63,0.46,0.8,0.32399999999999995,0.282,0.366,4.709,4.394,5.024,4.709,4.394,5.024,7.460000000000001,6.892,8.028,7.460000000000001,6.892,8.028,7.9270000000000005,7.256,8.598,7.9270000000000005,7.256,8.598
2023-06-14T18:10:00Z,51233,358,17032,18,18,,89,89,,862.444,862.444,,,,,0,5,4.8,5.3,15.6,14.6,16.6,10.5,10.1,10.9,135.9,141.8,130.5,1038.818,972.616,1105.02,278.075,261.9,294.25,54.211,52.152,56.27,4.2059999999999995,4.17,4.242,0.8069999999999999,0.798,0.816,0.36300000000000004,0.558,0.168,4.697,4.36,5.034,4.697,4.36,5.034,7.473,7.028,7.918,7.473,7.028,7.918,8.004,7.594,8.414,8.004,7.594,8.414
2023-06-14T18:20:00Z,51833,353,17032,18,18,,89,89,,862.432,862.432,,,,,0,5.3,5.3,5.3,15.9,15,16.8,10.7,10.3,11,134.2,139.3,129.5,1058.675,999.834,1117.516,286.153,271.456,300.85,58.285,59.672,56.898,4.764,4.394,5.134,0.633,0.05,1.216,0.28200000000000003,0.036,0.528,4.9030000000000005,4.686,5.12,4.9030000000000005,4.686,5.12,7.958,7.872,8.044,7.958,7.872,8.044,8.507000000000001,7.932,9.082,8.507000000000001,7.932,9.082
2023-06-14T18:30:00Z,52433,355,17032,18,18,,89,89,,862.34,862.34,,,,,0,5,5,5,15.7,14.5,16.9,10.6,10.1,11.1,135.3,142.3,129,1045.351,967.038,1123.664,281.778,265.758,297.798,55.004000000000005,56.692,53.316,5.428,4.726,6.13,0.836,0.702,0.97,0.386,0.36,0.412,4.797,4.406,5.188,4.797,4.406,5.188,7.768000000000001,7.422,8.114,7.768000000000001,7.422,8.114,8.437999999999999,7.914,8.962,8.437999999999999,7.914,8.962
2023-06-14T18:40:00Z,53033,354,17352,18,18,,89,89,,862.358,862.358,,,,,0,5.1,4.8,5.4,15.5,14.4,16.6,10.5,10,11,136.3,142.8,130.4,1034.015,961.448,1106.582,279.70399999999995,258.472,300.936,53.778,51.204,56.352,3.2800000000000002,2.918,3.642,0.314,0.116,0.512,0.051,0,0.102,4.933999999999999,4.6,5.268,4.933999999999999,4.6,5.268,7.603999999999999,7.092,8.116,7.603999999999999,7.092,8.116,7.825,7.16,8.49,7.825,7.16,8.49
2023-06-14T18:50:00Z,53633,358,17352,18,18,,89,89,,862.264,862.264,,,,,0,5,5.1,5,15.6,14.9,16.3,10.6,10.3,10.8,135.8,139.7,132.1,1040.229,995.456,1085.002,278.282,266.674,289.89,54.559,56.168,52.95,4.522,3.68,5.364,0.665,0.346,0.984,0.483,0.172,0.794,4.73,4.578,4.882,4.73,4.578,4.882,7.545999999999999,7.358,7.734,7.545999999999999,7.358,7.734,8.049,7.596,8.502,8.049,7.596,8.502
2023-06-14T19:00:00Z,54233,357,17352,18,18,,89,89,,862.19,862.19,,,,,0,4.8,4.5,5.1,14.8,13.7,16,10.2,9.7,10.7,140.3,147.7,133.6,988.9369999999999,911.074,1066.8,270.214,248.994,291.434,50.919,48.458,53.38,3.58,3.098,4.062,0.507,0.282,0.732,0.20400000000000001,0.096,0.312,4.718999999999999,4.31,5.128,4.718999999999999,4.31,5.128,7.279999999999999,6.776,7.784,7.279999999999999,6.776,7.784,7.638999999999999,6.94,8.338,7.638999999999999,6.94,8.338
2023-06-14T19:10:00Z,54833,361,17352,18,18,,89,89,,862.112,862.112,,,,,0,4.7,4.6,4.8,14.8,13.7,15.9,10.2,9.7,10.7,140.4,147.2,134.3,987.233,916.512,1057.954,267.964,251.804,284.124,50.478,50.74,50.216,4.575,3.924,5.226,0.705,0.582,0.828,0.4,0.364,0.436,4.495,4.312,4.678,4.495,4.312,4.678,7.192,6.796,7.588,7.192,6.796,7.588,7.755,7.27,8.24,7.755,7.27,8.24
2023-06-14T19:20:00Z,55433,359,17352,18,18,,89,89,,862.042,862.042,,,,,0,4.8,4.7,5,14.8,13.9,15.7,10.2,9.8,10.6,140.3,146.1,135,988.2929999999999,927.324,1049.262,264.476,247.604,281.348,51.322,50.088,52.556,3.649,2.714,4.584,0.641,0.214,1.068,0.19499999999999998,0.036,0.354,4.463,4.18,4.746,4.463,4.18,4.746,7.077,6.614,7.54,7.077,6.614,7.54,7.508,6.75,8.266,7.508,6.75,8.266
2023-06-14T19:30:00Z,56033,357,17352,18,18,,89,89,,862.036,862.036,,,,,0,4.8,4.8,4.8,14.8,14.4,15.3,10.2,10,10.4,140.2,143.2,137.4,989.374,957.518,1021.23,263.15999999999997,254.788,271.532,50.518,51.602,49.434,3.5010000000000003,3.414,3.588,0.66,0.418,0.902,0.235,0.154,0.316,4.452999999999999,4.104,4.802,4.452999999999999,4.104,4.802,7,6.78,7.22,7,6.78,7.22,7.428,7.042,7.814,7.428,7.042,7.814
2023-06-14T19:40:00Z,56633,353,17352,18,18,,89,89,,862.006,862.006,,,,,0,4.7,4.7,4.8,14.5,13.6,15.3,10.1,9.7,10.4,142.5,148,137.5,964.454,908.25,1020.658,259.545,248.186,270.904,51.368,52.42,50.316,4.105,4.32,3.89,0.388,0.352,0.424,0.261,0.352,0.17,4.313,3.972,4.654,4.313,3.972,4.654,7.12,6.774,7.466,7.12,6.774,7.466,7.415,7.106,7.724,7.415,7.106,7.724
2023-06-14T19:50:00Z,57233,370,17352,18,18,,89,89,,861.998,861.998,,,,,0,4.6,4.7,4.6,14.3,13.5,15.2,10,9.6,10.4,143.3,149.2,137.9,956.203,896.958,1015.448,255.857,240.748,270.966,49.239000000000004,52.192,46.286,3.6029999999999998,3.282,3.924,0.7,0.366,1.034,0.33199999999999996,0.178,0.486,4.294,3.98,4.608,4.294,3.98,4.608,6.649,6.414,6.884,6.649,6.414,6.884,7.162,6.694,7.63,7.162,6.694,7.63
2023-06-14T20:00:00Z,57833,356,16712,18,18,,89,89,,861.952,861.952,,,,,0,4.7,4.7,4.8,14,13.4,14.7,9.9,9.6,10.2,145.3,149.7,141.1,936.119,892.07,980.168,254.599,243.664,265.534,51.701,51.404,51.998,3.862,3.158,4.566,0.47,0.47,0.47,0.151,0.092,0.21,4.2620000000000005,4.162,4.362,4.2620000000000005,4.162,4.362,6.93,6.722,7.138,6.93,6.722,7.138,7.283,7.07,7.496,7.283,7.07,7.496
2023-06-14T20:10:00Z,58433,351,17032,18,18,,89,89,,861.968,861.968,,,,,0,4.7,4.5,4.9,14.2,13.3,15.1,9.9,9.5,10.3,144.2,150.1,138.8,946.986,888.068,1005.904,254.858,239.746,269.97,51.574,49.064,54.084,4.025,2.77,5.28,0.691,0.222,1.16,0.171,0,0.342,4.32,4.056,4.584,4.32,4.056,4.584,6.9399999999999995,6.524,7.356,6.9399999999999995,6.524,7.356,7.399000000000001,6.658,8.14,7.399000000000001,6.658,8.14
2023-06-14T20:20:00Z,59033,357,17352,18,18,,89,89,,861.856,861.856,,,,,0,4.4,4.4,4.5,13.4,12.4,14.4,9.6,9.1,10,149.6,156.8,143.1,892.64,826.682,958.598,242.29000000000002,226.746,257.834,48.795,49.212,48.378,4.204000000000001,3.54,4.868,0.654,0.38,0.928,0.22000000000000003,0.17,0.27,3.9299999999999997,3.736,4.124,3.9299999999999997,3.736,4.124,6.543,6.384,6.702,6.543,6.384,6.702,7.0120000000000005,6.656,7.368,7.0120000000000005,6.656,7.368
2023-06-14T20:30:00Z,59633,355,16712,18,18,,88.8,88.8,,861.752,861.752,,,,,0,4.4,4.3,4.5,13.1,12.1,14.2,9.5,9,9.9,151.4,158.9,144.5,875.516,807.632,943.4,237.875,219.882,255.868,47.203,47.666,46.74,3.316,3.164,3.468,0.309,0.176,0.442,0.137,0.094,0.18,3.997,3.668,4.326,3.997,3.668,4.326,6.367,5.956,6.778,6.367,5.956,6.778,6.673,6.138,7.208,6.673,6.138,7.208
2023-06-14T20:40:00Z,60233,359,17352,18,18,,89,89,,861.768,861.768,,,,,0,4.4,4.3,4.5,13.1,12.3,13.8,9.4,9.1,9.8,151.8,157.2,146.8,871.5509999999999,822.454,920.648,235.25,223.214,247.286,47.332,46.354,48.31,2.9539999999999997,2.526,3.382,0.544,0.282,0.806,0.192,0.184,0.2,4.017,3.608,4.426,4.017,3.608,4.426,6.2379999999999995,5.76,6.716,6.2379999999999995,5.76,6.716,6.638999999999999,6.012,7.266,6.638999999999999,6.012,7.266
2023-06-14T20:50:00Z,60833,354,17032,18,18,,89,89,,861.686,861.686,,,,,0,4.1,4,4.2,12.6,11.9,13.3,9.2,8.9,9.5,155.4,160.9,150.3,838.734,791.142,886.326,226.30700000000002,212.814,239.8,44.257999999999996,43.958,44.558,3.226,2.872,3.58,0.631,0.548,0.714,0.324,0.166,0.482,3.61,3.4,3.82,3.61,3.4,3.82,5.734,5.368,6.1,5.734,5.368,6.1,6.246,5.748,6.744,6.246,5.748,6.744
2023-06-14T21:00:00Z,61493,363,16994,17.5,17.5,,89,89,,861.64,861.64,,,,,0,4,3.9,4,12.4,11.5,13.3,9.1,8.7,9.5,157,164.1,150.4,824.8195000000001,764.547,885.092,223.33999999999997,206.635,240.045,41.944,42.788,41.1,3.1550000000000002,2.783,3.527,0.589,0.388,0.79,0.3015,0.388,0.215,3.622,3.282,3.962,3.622,3.282,3.962,5.7,5.33,6.07,5.7,5.33,6.07,6.135999999999999,5.68,6.592,6.135999999999999,5.68,6.592
2023-06-14T21:10:00Z,62033,350,16712,17.4,17.4,,89,89,,861.684,861.684,,,,,0,4,3.9,4.2,12.7,11.8,13.6,9.3,8.8,9.7,154.5,161.7,148,846.559,784.324,908.794,226.286,210.944,241.628,42.961,41.182,44.74,3.3469999999999995,2.352,4.342,0.29700000000000004,0.132,0.462,0.14,0.094,0.186,3.634,3.224,4.044,3.634,3.224,4.044,5.878,5.368,6.388,5.878,5.368,6.388,6.133,5.456,6.81,6.133,5.456,6.81
2023-06-14T21:20:00Z,62633,354,17352,17,17,,88.6,88.6,,861.744,861.744,,,,,0,3.9,3.9,3.9,12,11.7,12.4,8.9,8.8,9.1,159.5,162.5,156.6,802.905,777.784,828.026,213.958,205.904,222.012,41.316,42.57,40.062,2.8609999999999998,2.612,3.11,0.395,0.34,0.45,0.181,0.108,0.254,3.376,3.276,3.476,3.376,3.276,3.476,5.4239999999999995,5.28,5.568,5.4239999999999995,5.28,5.568,5.702999999999999,5.51,5.896,5.702999999999999,5.51,5.896
2023-06-14T21:30:00Z,63233,358,17352,17,17,,89,89,,861.796,861.796,,,,,0,4.1,4.1,4.1,12.3,11.5,13.2,9.1,8.7,9.5,157.3,163.9,151.1,822.15,766.328,877.972,222.536,208.174,236.898,44.191,45.362,43.02,3.298,2.866,3.73,0.579,0.39,0.768,0.246,0.088,0.404,3.625,3.388,3.862,3.625,3.388,3.862,5.75,5.536,5.964,5.75,5.536,5.964,6.195,5.834,6.556,6.195,5.834,6.556
2023-06-14T21:40:00Z,63833,354,17352,17,17,,89,89,,861.75,861.75,,,,,0,3.9,3.6,4.2,11.9,11,12.8,8.9,8.4,9.3,160.5,168.3,153.5,794.2090000000001,732.208,856.21,213.551,195.108,231.994,42.548,38.976,46.12,3.161,2.45,3.872,0.33999999999999997,0.19,0.49,0.132,0.19,0.074,3.453,3.006,3.9,3.453,3.006,3.9,5.681,4.978,6.384,5.681,4.978,6.384,6.009,5.188,6.83,6.009,5.188,6.83
2023-06-14T21:50:00Z,64433,354,17352,17,17,,89,89,,861.692,861.692,,,,,0,3.7,3.6,3.7,11.3,10.2,12.4,8.6,8,9.1,165.5,174.9,157.1,753.4680000000001,682.898,824.038,203.215,188.186,218.244,39.885000000000005,41.404,38.366,3.474,3.334,3.614,0.42300000000000004,0.542,0.304,0.004,0.008,0,3.199,2.998,3.4,3.199,2.998,3.4,5.262,5.012,5.512,5.262,5.012,5.512,5.611,5.412,5.81,5.611,5.412,5.81
2023-06-14T22:00:00Z,65033,351,17032,17,17,,89,89,,861.622,861.622,,,,,0,3.8,3.5,4,11.2,10.4,12,8.5,8.1,8.9,166.4,173.2,160,746.885,695.086,798.684,203.988,189.088,218.888,40.818,37.262,44.374,2.99,2.41,3.57,0.397,0.17,0.624,0.302,0.17,0.434,3.197,2.982,3.412,3.197,2.982,3.412,5.204,4.824,5.584,5.204,4.824,5.584,5.575,5.056,6.094,5.575,5.056,6.094
2023-06-14T22:10:00Z,65633,351,17032,17,17,,89,89,,861.636,861.636,,,,,0,3.7,3.7,3.7,10.9,10.6,11.3,8.4,8.2,8.5,168.6,171.3,165.9,729.767,709.166,750.368,197.272,190.738,203.806,39.293000000000006,40.938,37.648,2.067,2.484,1.65,0.29700000000000004,0.272,0.322,0.198,0.074,0.322,3.028,3.052,3.004,3.028,3.052,3.004,4.8740000000000006,5.026,4.722,4.8740000000000006,5.026,4.722,5.099,5.204,4.994,5.099,5.204,4.994
2023-06-14T22:20:00Z,66233,360,17352,17,17,,89,89,,861.788,861.788,,,,,0,3.5,3.5,3.6,10.9,10.4,11.4,8.4,8.1,8.6,169.1,173.9,164.5,725.737,690.122,761.352,195.516,185.856,205.176,37.444,37.28,37.608,2.806,2.4,3.212,0.473,0.256,0.69,0.206,0.106,0.306,3.034,2.726,3.342,3.034,2.726,3.342,4.904999999999999,4.616,5.194,4.904999999999999,4.616,5.194,5.259,4.842,5.676,5.259,4.842,5.676
2023-06-14T22:30:00Z,66833,352,16712,17,17,,89,89,,862.006,862.006,,,,,0,3.4,3.3,3.4,10.3,9.6,11,8,7.6,8.4,174.6,181.6,168.1,685.326,637.634,733.018,186.668,173.432,199.904,36.444,37.734,35.154,2.846,2.798,2.894,0.217,0.182,0.252,0.092,0.096,0.088,2.6719999999999997,2.388,2.956,2.6719999999999997,2.388,2.956,4.599,4.414,4.784,4.599,4.414,4.784,4.765000000000001,4.546,4.984,4.765000000000001,4.546,4.984
2023-06-14T22:40:00Z,67433,361,17032,17,17,,88.8,88.8,,862.252,862.252,,,,,0,3.4,3.5,3.4,10.5,9.7,11.3,8.2,7.7,8.6,172.6,180.1,165.7,699.5640000000001,647.416,751.712,188.09300000000002,176.142,200.044,37.477000000000004,38.186,36.768,3.092,1.868,4.316,0.633,0.482,0.784,0.29500000000000004,0.256,0.334,2.644,2.444,2.844,2.644,2.444,2.844,4.542999999999999,4.188,4.898,4.542999999999999,4.188,4.898,4.986000000000001,4.516,5.456,4.986000000000001,4.516,5.456
2023-06-14T22:50:00Z,68033,358,17032,17,17,,89,89,,862.482,862.482,,,,,0,3.4,3.3,3.4,10.2,9.7,10.7,8,7.7,8.3,175.3,180.4,170.4,680.738,645.666,715.81,181.35,172.988,189.712,36.694,36.928,36.46,2.885,2.562,3.208,0.396,0.284,0.508,0.152,0.084,0.22,2.723,2.368,3.078,2.723,2.368,3.078,4.645,4.338,4.952,4.645,4.338,4.952,4.945,4.534,5.356,4.945,4.534,5.356
2023-06-14T23:00:00Z,68633,352,17352,17,17,,89,89,,862.6,862.6,,,,,0,3.4,3.2,3.6,10.4,9.7,11.1,8.1,7.7,8.5,173,179.7,166.8,696.5799999999999,649.834,743.326,184.19,165.438,202.942,36.911,34.334,39.488,3.0460000000000003,2.35,3.742,0.509,0.424,0.594,0.128,0.074,0.182,2.7359999999999998,2.352,3.12,2.7359999999999998,2.352,3.12,4.679,4.132,5.226,4.679,4.132,5.226,5.023,4.398,5.648,5.023,4.398,5.648
2023-06-14T23:10:00Z,69233,359,17352,17,17,,89,89,,862.606,862.606,,,,,0,3.2,3.1,3.4,10,9.5,10.5,7.9,7.6,8.2,177,182,172.2,668.8009999999999,635.036,702.566,178.934,171.15,186.718,35.082,33.276,36.888,3.09,2.604,3.576,0.39099999999999996,0.214,0.568,0.093,0,0.186,2.621,2.506,2.736,2.621,2.506,2.736,4.401999999999999,4.156,4.648,4.401999999999999,4.156,4.648,4.73,4.34,5.12,4.73,4.34,5.12
2023-06-14T23:20:00Z,69833,363,17352,17,17,,89,89,,862.42,862.42,,,,,0,3.3,3.2,3.3,10.2,9.7,10.6,8,7.7,8.2,175.7,180.3,171.2,677.886,646.12,709.652,180.917,170.234,191.6,35.065,33.958,36.172,3.0650000000000004,2.236,3.894,0.7589999999999999,0.368,1.15,0.379,0.19,0.568,2.556,2.306,2.806,2.556,2.306,2.806,4.394,4.032,4.756,4.394,4.032,4.756,4.945,4.282,5.608,4.945,4.282,5.608
2023-06-14T23:30:00Z,70433,437,17032,17,17,,89,89,,862.306,862.306,,,,,0,3.5,3.4,3.6,10.5,9.9,11.2,8.2,7.8,8.5,172.1,178.5,166.2,703.289,658.132,748.446,190.494,178.712,202.276,38.141999999999996,38.612,37.672,2.621,2.842,2.4,0.438,0.362,0.514,0.209,0.288,0.13,2.928,2.66,3.196,2.928,2.66,3.196,4.811,4.568,5.054,4.811,4.568,5.054,5.149,4.904,5.394,5.149,4.904,5.394
2023-06-14T23:40:00Z,71033,380,17352,17,17,,89,89,,862.172,862.172,,,,,0,3.8,3.8,3.7,11.5,11,12.1,8.7,8.4,8.9,163.6,168,159.4,768.898,733.754,804.042,209.099,200.238,217.96,42.848,43.912,41.784,4.857,3.892,5.822,0.923,0.264,1.582,0.513,0.088,0.938,3.291,3.11,3.472,3.291,3.11,3.472,5.591,5.444,5.738,5.591,5.444,5.738,6.295999999999999,5.704,6.888,6.295999999999999,5.704,6.888
2023-06-14T23:50:00Z,71633,402,17032,17.2,17.2,,88.4,88.4,,862.078,862.078,,,,,0,5.5,5.6,5.5,16.1,15.8,16.4,10.8,10.6,10.9,133.1,134.7,131.5,1072.44,1052.824,1092.056,290.209,286.69,293.728,63.547000000000004,64.522,62.572,6.197,6.154,6.24,1.4809999999999999,0.94,2.022,0.7729999999999999,0.7,0.846,4.9030000000000005,4.862,4.944,4.9030000000000005,4.862,4.944,8.236,8.244,8.228,8.236,8.244,8.228,9.308,9,9.616,9.308,9,9.616
2023-06-15T00:00:00Z,72233,381,17352,18,18,,88,88,,862.172,862.172,,,,,0,5.7,5.8,5.7,16.8,16.2,17.5,11.1,10.8,11.3,129.1,132.7,125.7,1122.346,1076.9,1167.792,301.503,288.94,314.066,65.396,68.518,62.274,6.255,6.52,5.99,1.05,0.532,1.568,0.33099999999999996,0.316,0.346,5.271,5.01,5.532,5.271,5.01,5.532,8.768,8.894,8.642,8.768,8.894,8.642,9.463000000000001,9.282,9.644,9.463000000000001,9.282,9.644
2023-06-15T03:30:00Z,352,890,18019,25.6,25.6,,81.2,81.2,,862.598,862.598,,,,,0,5.2,5.5,4.9,14.7,15.1,14.2,10.2,10.3,10,141.3,138.6,144,978.316,1007.91,948.722,263.404,267.602,259.206,64.299,68.096,60.502,8.51,8.264,8.756,2.2889999999999997,2.076,2.502,1.026,1.052,1,3.926,3.938,3.914,3.926,3.938,3.914,7.695,8,7.39,7.695,8,7.39,9.257,9.408,9.106,9.257,9.408,9.106
2023-06-15T03:40:00Z,952,376,17832,24,24,,83.6,83.6,,862.57,862.57,,,,,0,5.4,5.6,5.3,15.5,15.2,15.9,10.5,10.4,10.7,136.2,138.1,134.3,1035.7330000000002,1013.46,1058.006,281.153,273.964,288.342,65.753,69.818,61.688,8.605,8.664,8.546,2.5789999999999997,2.044,3.114,1.4020000000000001,1.188,1.616,4.564,4.436,4.692,4.564,4.436,4.692,8.246,8.438,8.054,8.246,8.438,8.054,10.126999999999999,9.998,10.256,10.126999999999999,9.998,10.256
2023-06-15T03:50:00Z,1552,520,16530,22.8,22.8,,85,85,,862.712,862.712,,,,,0,5.7,5.7,5.6,16.4,16.1,16.7,10.9,10.7,11,131.5,133.2,129.8,1092.679,1071.058,1114.3,295.17,289.408,300.932,67.469,70.744,64.194,8.49,9.262,7.718,1.6960000000000002,1.356,2.036,0.729,0.462,0.996,4.868,4.692,5.044,4.868,4.692,5.044,8.92,9.012,8.828,8.92,9.012,8.828,10.079,9.93,10.228,10.079,9.93,10.228
2023-06-15T04:00:00Z,2152,362,16824,21.4,21.4,,86,86,,862.848,862.848,,,,,0,5.5,5.6,5.4,16.1,15.8,16.4,10.8,10.6,10.9,132.9,134.6,131.3,1074.422,1054.364,1094.48,290.384,284.788,295.98,63.400999999999996,63.794,63.008,7.156000000000001,5.376,8.936,2.2439999999999998,1.362,3.126,1.245,0.62,1.87,4.821,4.734,4.908,4.821,4.734,4.908,8.177,7.95,8.404,8.177,7.95,8.404,9.864999999999998,9.024,10.706,9.864999999999998,9.024,10.706
2023-06-15T04:10:00Z,2752,368,17464,20.2,20.2,,87,87,,862.796,862.796,,,,,0,5,5,4.9,15.1,14.8,15.5,10.4,10.2,10.5,138.5,140.6,136.4,1009.0740000000001,985.718,1032.43,272.841,264.836,280.846,55.031,56.604,53.458,5.413,4.738,6.088,1.521,1.282,1.76,0.764,0.672,0.856,4.508,4.37,4.646,4.508,4.37,4.646,7.356,7.172,7.54,7.356,7.172,7.54,8.475,8.052,8.898,8.475,8.052,8.898
2023-06-15T04:20:00Z,3352,370,17464,20,20,,87,87,,863,863,,,,,0,4.6,4.4,4.7,14.2,13.6,14.8,9.9,9.7,10.2,144.4,148.3,140.8,944.427,905.404,983.45,253.06900000000002,244.064,262.074,50.809,49.496,52.122,5.648,5.168,6.128,2.047,1.01,3.084,1.145,0.542,1.748,4.1,3.89,4.31,4.1,3.89,4.31,6.743,6.594,6.892,6.743,6.594,6.892,8.148,7.3,8.996,8.148,7.3,8.996
2023-06-15T04:30:00Z,3952,489,18104,20,20,,87,87,,863.07,863.07,,,,,0,4.3,4.5,4,12.9,13,12.8,9.3,9.4,9.3,153.1,152.7,153.6,859.518,863.56,855.476,229.635,229.508,229.762,47.736999999999995,51.458,44.016,4.625,4.496,4.754,0.463,0.368,0.558,0.178,0.088,0.268,3.659,3.542,3.776,3.659,3.542,3.776,6.2379999999999995,6.386,6.09,6.2379999999999995,6.386,6.09,6.582,6.622,6.542,6.582,6.622,6.542
2023-06-15T04:40:00Z,4552,371,18104,20,20,,87.6,87.6,,863.282,863.282,,,,,0,4,3.9,4,12.4,11.9,12.9,9.1,8.8,9.4,156.8,161,152.9,825.935,790.362,861.508,220.668,212.378,228.958,43.781,43.922,43.64,4.77,4.246,5.294,0.85,0.858,0.842,0.402,0.436,0.368,3.425,3.32,3.53,3.425,3.32,3.53,5.963,5.772,6.154,5.963,5.772,6.154,6.556,6.32,6.792,6.556,6.32,6.792
2023-06-15T04:50:00Z,5152,371,17144,20,20,,88,88,,862.988,862.988,,,,,0,4,3.9,4,12.1,11.8,12.4,9,8.8,9.1,158.8,161.1,156.5,809.202,789.286,829.118,217.503,209.504,225.502,43.188,43.226,43.15,3.5890000000000004,3.132,4.046,0.776,0.676,0.876,0.298,0.24,0.356,3.5410000000000004,3.446,3.636,3.5410000000000004,3.446,3.636,5.714,5.566,5.862,5.714,5.566,5.862,6.209,5.988,6.43,6.209,5.988,6.43
2023-06-15T05:00:00Z,5752,371,17144,20,20,,88,88,,863.088,863.088,,,,,0,4,4.2,3.8,12.4,12.4,12.4,9.1,9.1,9.1,156.8,156.9,156.8,826.207,825.788,826.626,221.034,221.996,220.072,43.337,46.428,40.246,3.182,2.86,3.504,1.0010000000000001,0.672,1.33,0.639,0.366,0.912,3.4829999999999997,3.646,3.32,3.4829999999999997,3.646,3.32,5.551,5.806,5.296,5.551,5.806,5.296,6.276,6.342,6.21,6.276,6.342,6.21
2023-06-15T05:10:00Z,6352,380,17498,20,20,,88,88,,863.156,863.156,,,,,0,4.2,4,4.4,13.3,12.7,13.9,9.5,9.2,9.8,150.4,154.8,146.3,884.694,843.784,925.604,233.806,221.502,246.11,45.425,44.428,46.422,4.228,4.302,4.154,0.79,0.776,0.804,0.41700000000000004,0.304,0.53,3.771,3.612,3.93,3.771,3.612,3.93,6.145,6.038,6.252,6.145,6.038,6.252,6.686,6.518,6.854,6.686,6.518,6.854
2023-06-15T05:20:00Z,6952,369,17784,20,20,,88,88,,863.218,863.218,,,,,0,4.2,4.3,4,13.3,13.3,13.3,9.5,9.5,9.5,150.3,150.2,150.4,885.7090000000001,886.806,884.612,232.34300000000002,233.834,230.852,43.973,46.5,41.446,3.5330000000000004,3.568,3.498,0.8220000000000001,0.592,1.052,0.31,0.26,0.36,3.7910000000000004,3.898,3.684,3.7910000000000004,3.898,3.684,5.944,6.134,5.754,5.944,6.134,5.754,6.5760000000000005,6.684,6.468,6.5760000000000005,6.684,6.468
2023-06-15T05:30:00Z,7553,1396,17178,20,20,,88,88,,863.308,863.308,,,,,0,4.2,4.2,4.1,12.9,12.7,13.2,9.4,9.2,9.5,152.9,154.7,151,861.923,844.922,878.924,231.377,226.884,235.87,44.702,46.034,43.37,3.615,3.394,3.836,0.795,0.332,1.258,0.439,0.244,0.634,3.731,3.686,3.776,3.731,3.686,3.776,5.964,6.06,5.868,5.964,6.06,5.868,6.547,6.316,6.778,6.547,6.316,6.778
2023-06-15T05:40:00Z,8152,400,16824,20,20,,88,88,,863.418,863.418,,,,,0,4.2,4.3,4,13.2,12.9,13.5,9.5,9.4,9.6,150.8,152.8,148.8,881.432,862.61,900.254,236.684,230.39,242.978,43.715,47.402,40.028,3.317,3.69,2.944,0.847,0.484,1.21,0.405,0.28,0.53,3.9210000000000003,3.812,4.03,3.9210000000000003,3.812,4.03,6.124,6.278,5.97,6.124,6.278,5.97,6.696,6.618,6.774,6.696,6.618,6.774
2023-06-15T05:50:00Z,8752,371,17144,20,20,,88,88,,863.564,863.564,,,,,0,4.3,4.4,4.1,13.2,12.8,13.6,9.5,9.3,9.7,151,154.1,148,879.475,850.58,908.37,236.308,233.448,239.168,46.056,49.45,42.662,3.854,3.632,4.076,0.7190000000000001,0.358,1.08,0.37,0.11,0.63,3.855,3.876,3.834,3.855,3.876,3.834,6.285,6.506,6.064,6.285,6.506,6.064,6.801,6.748,6.854,6.801,6.748,6.854
2023-06-15T06:00:00Z,9352,377,17784,20.2,20.2,,88,88,,863.572,863.572,,,,,0,4.6,4.8,4.4,14.4,14.1,14.6,10,9.9,10.1,143.2,144.7,141.7,957.533,941.392,973.674,253.932,248.452,259.412,48.918,52.162,45.674,3.8289999999999997,2.9,4.758,0.958,0.486,1.43,0.562,0.196,0.928,4.322,4.192,4.452,4.322,4.192,4.452,6.704000000000001,6.564,6.844,6.704000000000001,6.564,6.844,7.425,6.954,7.896,7.425,6.954,7.896
2023-06-15T06:10:00Z,9952,396,17464,21,21,,87.2,87.2,,863.366,863.366,,,,,0,4.9,5.2,4.7,15.2,15.1,15.2,10.4,10.3,10.4,138.3,138.6,138,1010.872,1007.41,1014.334,270.297,268.052,272.542,54.26,58.15,50.37,4.884,4.372,5.396,0.9289999999999999,0.696,1.162,0.368,0.278,0.458,4.601,4.61,4.592,4.601,4.61,4.592,7.4990000000000006,7.596,7.402,7.4990000000000006,7.596,7.402,8.134,8.08,8.188,8.134,8.08,8.188
2023-06-15T06:20:00Z,10552,390,16504,20.8,20.8,,87.2,87.2,,863.1,863.1,,,,,0,4.5,4.6,4.3,13.7,13.5,13.9,9.7,9.6,9.8,147.5,148.7,146.2,913.8240000000001,901.07,926.578,247.632,243.996,251.268,47.515,50.882,44.148,3.324,3.088,3.56,0.6719999999999999,0.352,0.992,0.378,0.352,0.404,4.039,3.978,4.1,4.039,3.978,4.1,6.237,6.358,6.116,6.237,6.358,6.116,6.771,6.68,6.862,6.771,6.68,6.862
2023-06-15T06:30:00Z,11152,370,16824,20,20,,88,88,,863.39,863.39,,,,,0,4.3,4.2,4.4,13.2,12.6,13.9,9.5,9.2,9.8,150.7,155.2,146.5,882.115,840.78,923.45,238.154,227.208,249.1,44.857,44.032,45.682,2.854,2.144,3.564,0.616,0.348,0.884,0.366,0.266,0.466,3.835,3.534,4.136,3.835,3.534,4.136,6.045,5.674,6.416,6.045,5.674,6.416,6.497999999999999,5.96,7.036,6.497999999999999,5.96,7.036
2023-06-15T06:40:00Z,11752,385,17464,20,20,,88.6,88.6,,863.568,863.568,,,,,0,4.1,4.1,4,13.2,12.9,13.6,9.5,9.3,9.7,150.8,153.4,148.3,881.0260000000001,856.798,905.254,233.49200000000002,228.578,238.406,43.626999999999995,45.614,41.64,4.693,4.638,4.748,0.615,0.6,0.63,0.18,0.254,0.106,3.706,3.608,3.804,3.706,3.608,3.804,6.228,6.21,6.246,6.228,6.21,6.246,6.641,6.6,6.682,6.641,6.6,6.682
2023-06-15T06:50:00Z,12352,397,16504,19.6,19.6,,89,89,,863.444,863.444,,,,,0,3.9,4,3.9,13,12.8,13.1,9.4,9.3,9.5,152.5,153.5,151.5,865.564,856.29,874.838,229.90800000000002,228.074,231.742,40.565,41.578,39.552,3.497,3.54,3.454,0.493,0.414,0.572,0.295,0.414,0.176,3.685,3.532,3.838,3.685,3.532,3.838,5.893000000000001,5.886,5.9,5.893000000000001,5.886,5.9,6.22,6.18,6.26,6.22,6.18,6.26
2023-06-15T07:00:00Z,12952,410,17464,19,19,,89,89,,863.424,863.424,,,,,0,4,4.1,4,12.8,12.8,12.9,9.3,9.3,9.4,153.5,154.1,152.9,856.292,850.692,861.892,226.936,223.586,230.286,41.058,41.942,40.174,2.096,1.536,2.656,0.314,0.358,0.27,0.137,0.088,0.186,3.713,3.674,3.752,3.713,3.674,3.752,5.558,5.472,5.644,5.558,5.472,5.644,5.833,5.676,5.99,5.833,5.676,5.99
2023-06-15T07:10:00Z,13552,403,17464,19,19,,89,89,,863.454,863.454,,,,,0,4.1,4.1,4,13.1,12.9,13.3,9.4,9.3,9.5,152,153.4,150.5,870.2729999999999,856.742,883.804,232.887,230.02,235.754,42.015,42.044,41.986,2.831,1.822,3.84,0.244,0,0.488,0.098,0,0.196,3.906,3.994,3.818,3.906,3.994,3.818,5.949,5.92,5.978,5.949,5.92,5.978,6.1850000000000005,6.038,6.332,6.1850000000000005,6.038,6.332
2023-06-15T07:20:00Z,14152,375,16824,19,19,,90,90,,863.786,863.786,,,,,0,4.1,4.3,3.9,12.8,12.8,12.8,9.3,9.3,9.3,153.7,153.9,153.6,853.921,852.728,855.114,230.50400000000002,232.608,228.4,42.09,45.536,38.644,2.1310000000000002,2.18,2.082,0.493,0.55,0.436,0.261,0.366,0.156,3.752,3.878,3.626,3.752,3.878,3.626,5.702999999999999,5.87,5.536,5.702999999999999,5.87,5.536,6.102,6.264,5.94,6.102,6.264,5.94
2023-06-15T07:30:00Z,14752,395,17144,19,19,,90,90,,864.09,864.09,,,,,0,4,4.1,3.8,12.6,12.4,12.9,9.2,9.1,9.3,155.2,157.1,153.4,840.173,823.36,856.986,222.81900000000002,222.374,223.264,41.505,43.356,39.654,2.907,2.402,3.412,0.8839999999999999,0.616,1.152,0.276,0.2,0.352,3.5060000000000002,3.532,3.48,3.5060000000000002,3.532,3.48,5.431,5.454,5.408,5.431,5.454,5.408,6.01,5.8,6.22,6.01,5.8,6.22
2023-06-15T07:40:00Z,15352,394,17144,19,19,,90,90,,864.05,864.05,,,,,0,4,4.2,3.8,12.9,12.9,13,9.4,9.3,9.4,152.9,153.3,152.5,861.682,858.088,865.276,231.389,233.932,228.846,40.117999999999995,43.07,37.166,2.8579999999999997,2.46,3.256,0.498,0.694,0.302,0.236,0.386,0.086,3.7270000000000003,3.838,3.616,3.7270000000000003,3.838,3.616,5.694,5.78,5.608,5.694,5.78,5.608,6.13,6.256,6.004,6.13,6.256,6.004
2023-06-15T07:50:00Z,15952,542,17144,19,19,,90,90,,864.332,864.332,,,,,0,3.9,3.9,3.9,12.7,12.4,13,9.2,9.1,9.4,154.7,156.9,152.5,845.163,825.522,864.804,223.11599999999999,214.814,231.418,40.223,39.808,40.638,2.601,1.626,3.576,0.541,0.158,0.924,0.255,0.118,0.392,3.473,3.39,3.556,3.473,3.39,3.556,5.271,5.122,5.42,5.271,5.122,5.42,5.679,5.25,6.108,5.679,5.25,6.108
2023-06-15T08:00:00Z,16552,398,17144,19,19,,90,90,,864.324,864.324,,,,,0,4.1,4.2,4,13,12.5,13.4,9.4,9.2,9.6,152.6,156,149.4,863.954,833.192,894.716,229.78699999999998,221.576,237.998,43.175,45.552,40.798,2.909,2.332,3.486,0.562,0.396,0.728,0.173,0.152,0.194,3.675,3.576,3.774,3.675,3.576,3.774,5.75,5.57,5.93,5.75,5.57,5.93,6.0969999999999995,5.84,6.354,6.0969999999999995,5.84,6.354
2023-06-15T08:10:00Z,17152,365,16824,19,19,,90,90,,864.368,864.368,,,,,0,4.1,4.3,4,13.3,13,13.7,9.6,9.4,9.7,149.9,152.1,147.8,889.98,869.2,910.76,236.632,230.26,243.004,41.599999999999994,44.092,39.108,2.316,1.556,3.076,0.358,0.26,0.456,0.175,0.26,0.09,3.7830000000000004,3.68,3.886,3.7830000000000004,3.68,3.886,5.665,5.644,5.686,5.665,5.644,5.686,5.952999999999999,5.824,6.082,5.952999999999999,5.824,6.082
2023-06-15T08:20:00Z,17752,379,17464,19,19,,90,90,,864.462,864.462,,,,,0,4.5,4.6,4.4,14.7,14.6,14.8,10.2,10.1,10.2,140.8,141.5,140.2,982.85,976.046,989.654,259.581,257.294,261.868,45.61,47.788,43.432,3.0469999999999997,2.912,3.182,0.702,0.96,0.444,0.273,0.458,0.088,4.268,4.106,4.43,4.268,4.106,4.43,6.505,6.43,6.58,6.505,6.43,6.58,7.025,7.09,6.96,7.025,7.09,6.96
2023-06-15T08:30:00Z,18352,389,17144,19,19,,90,90,,864.27,864.27,,,,,0,4.6,4.7,4.5,14.8,14.8,14.8,10.2,10.2,10.2,140.5,140.6,140.3,986.9259999999999,985.486,988.366,261.101,260.016,262.186,46.674,49.004,44.344,2.845,2.95,2.74,0.576,0.412,0.74,0.269,0.222,0.316,4.522,4.61,4.434,4.522,4.61,4.434,6.765000000000001,7.058,6.472,6.765000000000001,7.058,6.472,7.178,7.362,6.994,7.178,7.362,6.994
2023-06-15T08:40:00Z,18952,384,16824,19.4,19.4,,90,90,,864.326,864.326,,,,,0,4.9,5,4.7,15,15,14.9,10.3,10.3,10.3,139.5,139.3,139.7,997.5699999999999,999.928,995.212,267.801,266.164,269.438,52.248999999999995,54.376,50.122,3.965,3.462,4.468,0.747,0.308,1.186,0.28400000000000003,0.308,0.26,4.574,4.486,4.662,4.574,4.486,4.662,7.182,7.252,7.112,7.182,7.252,7.112,7.678,7.492,7.864,7.678,7.492,7.864
2023-06-15T08:50:00Z,19552,378,16824,20,20,,90.2,90.2,,864.474,864.474,,,,,0,5.1,5.2,4.9,16.2,15.8,16.5,10.8,10.6,10.9,132.7,134.5,131,1077.267,1055.558,1098.976,285.06100000000004,278.224,291.898,53.491,55.842,51.14,4.3469999999999995,3.018,5.676,0.343,0.456,0.23,0.224,0.374,0.074,4.83,4.724,4.936,4.83,4.724,4.936,7.6579999999999995,7.404,7.912,7.6579999999999995,7.404,7.912,7.945,7.76,8.13,7.945,7.76,8.13
2023-06-15T09:00:00Z,20152,356,17464,19.4,19.4,,91,91,,864.414,864.414,,,,,0,5,5.1,5,15.8,15.6,16,10.6,10.5,10.7,134.6,136,133.3,1053.9,1037.946,1069.854,281.54,276.384,286.696,52.95,54.192,51.708,3.814,3.208,4.42,0.508,0.472,0.544,0.309,0.364,0.254,4.726,4.68,4.772,4.726,4.68,4.772,7.404999999999999,7.282,7.528,7.404999999999999,7.282,7.528,7.837,7.678,7.996,7.837,7.678,7.996
2023-06-15T09:10:00Z,20752,399,17464,20,20,,90.8,90.8,,864.59,864.59,,,,,0,4.9,5,4.7,15.6,15.6,15.6,10.6,10.6,10.6,135.7,135.7,135.7,1041.274,1041.126,1041.422,276.81600000000003,275.388,278.244,50.89,53.122,48.658,4.159,3.116,5.202,0.546,0.28,0.812,0.262,0.204,0.32,4.7379999999999995,4.648,4.828,4.7379999999999995,4.648,4.828,7.329,7.244,7.414,7.329,7.244,7.414,7.731,7.454,8.008,7.731,7.454,8.008
2023-06-15T09:20:00Z,21352,372,17784,20,20,,90.8,90.8,,864.574,864.574,,,,,0,5,5.1,4.9,15.9,15.6,16.2,10.7,10.6,10.8,134,135.8,132.2,1061.73,1040.404,1083.056,281.611,275.26,287.962,52.105999999999995,54.76,49.452,3.76,3.598,3.922,0.553,0.464,0.642,0.26,0.28,0.24,4.84,4.62,5.06,4.84,4.62,5.06,7.47,7.34,7.6,7.47,7.34,7.6,7.849,7.642,8.056,7.849,7.642,8.056
2023-06-15T09:30:00Z,21952,373,17144,19.6,19.6,,90,90,,864.562,864.562,,,,,0,5.2,5.2,5.2,16.3,15.6,16.9,10.8,10.6,11.1,132.1,135.8,128.6,1084.901,1040.046,1129.756,288.596,276.234,300.958,54.702,55.962,53.442,3.889,3.404,4.374,0.497,0.158,0.836,0.10899999999999999,0.072,0.146,4.9399999999999995,4.606,5.274,4.9399999999999995,4.606,5.274,7.647,7.39,7.904,7.647,7.39,7.904,8.068,7.534,8.602,8.068,7.534,8.602
2023-06-15T09:40:00Z,22552,440,17464,19,19,,90,90,,864.572,864.572,,,,,0,5.2,5.2,5.1,16.2,16.1,16.3,10.8,10.8,10.8,132.5,133,132,1080.024,1073.87,1086.178,287.398,283.44,291.356,55.171,55.812,54.53,4.317,4.018,4.616,0.837,0.702,0.972,0.28800000000000003,0.182,0.394,4.854,4.692,5.016,4.854,4.692,5.016,7.649,7.428,7.87,7.649,7.428,7.87,8.193,7.882,8.504,8.193,7.882,8.504
2023-06-15T09:50:00Z,23152,394,16824,19,19,,90,90,,864.51,864.51,,,,,0,5.2,5.4,5,16.3,16,16.6,10.8,10.7,11,131.9,133.5,130.4,1086.866,1067.256,1106.476,291.05100000000004,287.67,294.432,55.778999999999996,59.57,51.988,4.1240000000000006,3.92,4.328,0.651,0.51,0.792,0.461,0.406,0.516,5.096,4.984,5.208,5.096,4.984,5.208,7.793,7.748,7.838,7.793,7.748,7.838,8.3,8.16,8.44,8.3,8.16,8.44
2023-06-15T10:00:00Z,23752,367,17464,19,19,,90,90,,864.382,864.382,,,,,0,5.2,5.2,5.2,16.4,15.9,16.9,10.9,10.7,11.1,131.4,134.2,128.7,1093.347,1058.682,1128.012,296.347,289.25,303.444,54.596999999999994,55.196,53.998,4.859999999999999,4.458,5.262,0.48,0.538,0.422,0.217,0.186,0.248,5.141,4.894,5.388,5.141,4.894,5.388,8.051,7.762,8.34,8.051,7.762,8.34,8.461,8.176,8.746,8.461,8.176,8.746
2023-06-15T10:10:00Z,24352,366,17149,19,19,,90,90,,864.344,864.344,,,,,0,5.3,5.2,5.4,16.4,15.7,17.1,10.9,10.6,11.1,131.4,135.1,127.9,1093.538,1048.494,1138.582,293.13,278.384,307.876,56.657,57.148,56.166,3.936,4.068,3.804,0.742,0.53,0.954,0.391,0.53,0.252,5.063000000000001,4.686,5.44,5.063000000000001,4.686,5.44,7.845000000000001,7.54,8.15,7.845000000000001,7.54,8.15,8.418,8.006,8.83,8.418,8.006,8.83
2023-06-15T10:20:00Z,24952,395,16824,19,19,,90,90,,864.408,864.408,,,,,0,5.3,5.4,5.2,16.5,16.2,16.9,10.9,10.8,11.1,130.7,132.4,128.9,1102.719,1080.446,1124.992,298.695,289.356,308.034,55.768,57.87,53.666,3.382,2.798,3.966,0.5940000000000001,0.278,0.91,0.235,0.092,0.378,5.231,5.14,5.322,5.231,5.14,5.322,7.816000000000001,7.764,7.868,7.816000000000001,7.764,7.868,8.267,8.004,8.53,8.267,8.004,8.53
2023-06-15T10:30:00Z,25552,366,17144,19,19,,90,90,,864.512,864.512,,,,,0,5.4,5.7,5.1,16.8,16.5,17,11,10.9,11.1,129.5,130.8,128.3,1117.054,1101.46,1132.648,298.88599999999997,294.71,303.062,57.528,62.214,52.842,4.2379999999999995,3.248,5.228,0.71,0.28,1.14,0.363,0,0.726,5.2509999999999994,5.168,5.334,5.2509999999999994,5.168,5.334,8.107,8.12,8.094,8.107,8.12,8.094,8.584,8.276,8.892,8.584,8.276,8.892
2023-06-15T10:40:00Z,26152,366,16824,19,19,,89.8,89.8,,864.56,864.56,,,,,0,5.5,5.5,5.4,16.9,16.3,17.5,11.1,10.8,11.3,128.6,131.9,125.6,1128.6860000000001,1087.68,1169.692,302.784,291.58,313.988,57.306,60.53,54.082,3.519,3.606,3.432,0.673,0.784,0.562,0.32,0.154,0.486,5.2330000000000005,4.884,5.582,5.2330000000000005,4.884,5.582,8.019,7.818,8.22,8.019,7.818,8.22,8.538,8.29,8.786,8.538,8.29,8.786
2023-06-15T10:50:00Z,26752,374,16824,19,19,,90,90,,864.508,864.508,,,,,0,5.2,5.3,5.1,16.1,15.6,16.6,10.8,10.5,11,133,135.9,130.3,1073.007,1038.742,1107.272,289.135,282.506,295.764,54.126,57.26,50.992,2.942,2.562,3.322,0.265,0.166,0.364,0.05,0,0.1,4.935,4.81,5.06,4.935,4.81,5.06,7.545,7.426,7.664,7.545,7.426,7.664,7.746,7.526,7.966,7.746,7.526,7.966
2023-06-15T11:00:00Z,27352,386,17144,18.6,18.6,,90,90,,864.494,864.494,,,,,0,5.3,5.6,5.1,16.6,16.5,16.8,11,10.9,11,130.2,131,129.4,1108.569,1098.564,1118.574,299.336,297.058,301.614,55.778999999999996,59.164,52.394,3.8200000000000003,2.442,5.198,0.6000000000000001,0.406,0.794,0.384,0.406,0.362,5.154999999999999,5.178,5.132,5.154999999999999,5.178,5.132,7.82,7.774,7.866,7.82,7.774,7.866,8.334,8.152,8.516,8.334,8.152,8.516
2023-06-15T11:10:00Z,27952,370,17144,18,18,,90,90,,864.65,864.65,,,,,0,5.2,5.3,5.2,16.1,15.5,16.8,10.8,10.5,11,132.8,136.4,129.4,1076.2060000000001,1033.462,1118.95,287.58000000000004,275.184,299.976,56.193,57.524,54.862,4.038,3.148,4.928,0.506,0.35,0.662,0.224,0.182,0.266,5.0489999999999995,4.692,5.406,5.0489999999999995,4.692,5.406,7.795999999999999,7.418,8.174,7.795999999999999,7.418,8.174,8.141,7.698,8.584,8.141,7.698,8.584
2023-06-15T11:20:00Z,28552,364,17784,18,18,,89.8,89.8,,864.906,864.906,,,,,0,5.2,5.1,5.4,16.2,15.3,17.2,10.8,10.4,11.2,132.3,137.5,127.5,1082.246,1020.398,1144.094,291.533,275.33,307.736,54.894999999999996,54.032,55.758,3.439,2.756,4.122,0.633,0.57,0.696,0.222,0.176,0.268,5.1690000000000005,5.022,5.316,5.1690000000000005,5.022,5.316,7.73,7.412,8.048,7.73,7.412,8.048,8.179,7.776,8.582,8.179,7.776,8.582
2023-06-15T11:30:00Z,29152,478,17464,18,18,,90,90,,865.316,865.316,,,,,0,5.1,5.3,4.9,16.1,15.7,16.5,10.7,10.6,10.9,133.2,135.4,131,1071.603,1044.412,1098.794,289.596,281.56,297.632,53.115,56.136,50.094,3.432,2.226,4.638,0.546,0.192,0.9,0.27,0.192,0.348,5.077,5.106,5.048,5.077,5.106,5.048,7.539,7.508,7.57,7.539,7.508,7.57,7.9830000000000005,7.704,8.262,7.9830000000000005,7.704,8.262
2023-06-15T11:40:00Z,29752,369,16824,18,18,,90,90,,865.16,865.16,,,,,0,5.3,5.3,5.3,16.6,16.2,17,11,10.8,11.1,130.4,132.7,128.3,1105.593,1077.402,1133.784,294.409,286.956,301.862,55.29,55.428,55.152,2.7729999999999997,2.01,3.536,0.616,0.098,1.134,0.14900000000000002,0.098,0.2,5.221,5.302,5.14,5.221,5.302,5.14,7.724,7.622,7.826,7.724,7.622,7.826,8.143,7.74,8.546,8.143,7.74,8.546
2023-06-15T11:50:00Z,30352,408,16824,18,18,,90,90,,864.898,864.898,,,,,0,5.2,5.3,5.2,16.7,16.2,17.2,11,10.8,11.2,129.6,132.2,127.1,1116.275,1082.786,1149.764,297.56600000000003,287.8,307.332,54.513999999999996,55.056,53.972,3.734,2.506,4.962,0.33799999999999997,0.188,0.488,0.187,0,0.374,5.275,5.074,5.476,5.275,5.074,5.476,7.9110000000000005,7.448,8.374,7.9110000000000005,7.448,8.374,8.176,7.546,8.806,8.176,7.546,8.806
2023-06-15T12:00:00Z,30952,389,17144,18,18,,90,90,,865.124,865.124,,,,,0,5.5,5.6,5.4,16.9,16.6,17.1,11.1,11,11.2,129,130.1,127.8,1124.225,1109.244,1139.206,300.01800000000003,295.958,304.078,58.678,60.502,56.854,3.7140000000000004,2.696,4.732,0.72,0.398,1.042,0.248,0.206,0.29,5.263999999999999,5.098,5.43,5.263999999999999,5.098,5.43,8,7.844,8.156,8,7.844,8.156,8.515,8.158,8.872,8.515,8.158,8.872
2023-06-15T12:10:00Z,31552,363,17144,18,18,,90,90,,865.41,865.41,,,,,0,5,5.1,4.9,16,15.5,16.5,10.7,10.5,10.9,133.5,136.1,131,1067.471,1036.072,1098.87,284.961,277.648,292.274,51.259,54.054,48.464,3.024,2.758,3.29,0.686,0.464,0.908,0.256,0.192,0.32,5.03,4.772,5.288,5.03,4.772,5.288,7.36,7.264,7.456,7.36,7.264,7.456,7.826,7.574,8.078,7.826,7.574,8.078
2023-06-15T12:20:00Z,32152,402,16824,18,18,,90,90,,866.118,866.118,,,,,0,5.1,5.2,5,15.8,15.2,16.4,10.6,10.4,10.9,134.7,138.2,131.4,1052.7730000000001,1012.374,1093.172,283.47799999999995,275.078,291.878,54.055,56.618,51.492,3.838,3.696,3.98,0.195,0.302,0.088,0.091,0.182,0,4.893000000000001,4.692,5.094,4.893000000000001,4.692,5.094,7.655,7.432,7.878,7.655,7.432,7.878,7.849,7.628,8.07,7.849,7.628,8.07
2023-06-15T12:30:00Z,32752,364,16824,18,18,,90,90,,865.77,865.77,,,,,0,5.1,5.1,5,16,15.5,16.6,10.7,10.5,11,133.4,136.6,130.3,1068.881,1030.64,1107.122,287.23800000000006,275.994,298.482,53.854,54.99,52.718,4.6240000000000006,3.952,5.296,0.646,0.284,1.008,0.237,0,0.474,4.915,4.658,5.172,4.915,4.658,5.172,7.668,7.288,8.048,7.668,7.288,8.048,8.139,7.522,8.756,8.139,7.522,8.756
2023-06-15T12:40:00Z,33352,367,17144,18,18,,90,90,,865.268,865.268,,,,,0,5.4,5.4,5.4,16.6,16.1,17.2,11,10.7,11.2,130.1,133.3,127.1,1109.931,1070.376,1149.486,301.224,290.168,312.28,56.900999999999996,57.268,56.534,3.6559999999999997,3.296,4.016,0.437,0.266,0.608,0.34700000000000003,0.164,0.53,5.393,5.138,5.648,5.393,5.138,5.648,8.06,7.922,8.198,8.06,7.922,8.198,8.364,8.084,8.644,8.364,8.084,8.644
2023-06-15T12:50:00Z,33952,375,17464,18,18,,90,90,,865.216,865.216,,,,,0,5.2,5.3,5,16.3,15.9,16.8,10.9,10.7,11,131.7,134.2,129.3,1089.613,1059.056,1120.17,292.946,283.884,302.008,54.76,56.458,53.062,4.649,2.908,6.39,0.709,0.256,1.162,0.165,0.074,0.256,5.211,5.09,5.332,5.211,5.09,5.332,7.981999999999999,7.604,8.36,7.981999999999999,7.604,8.36,8.472999999999999,7.788,9.158,8.472999999999999,7.788,9.158
2023-06-15T13:00:00Z,34552,365,17464,18,18,,90,90,,865.158,865.158,,,,,0,5.1,5,5.2,15.9,15.1,16.7,10.7,10.3,11,134.1,138.9,129.6,1060.1370000000002,1004.316,1115.958,287.741,275.636,299.846,53.254000000000005,53.84,52.668,3.526,3.52,3.532,0.594,0.366,0.822,0.124,0.064,0.184,5.093,4.786,5.4,5.093,4.786,5.4,7.589,7.346,7.832,7.589,7.346,7.832,8.026,7.596,8.456,8.026,7.596,8.456
2023-06-15T13:10:00Z,35152,373,17464,17.2,17.2,,89.8,89.8,,864.976,864.976,,,,,0,4.7,4.9,4.6,14.9,14.5,15.3,10.3,10.1,10.4,139.9,142.3,137.5,993.165,966.67,1019.66,269.398,263.172,275.624,48.507,51.574,45.44,3.002,2.502,3.502,0.772,0.338,1.206,0.226,0.172,0.28,4.651,4.588,4.714,4.651,4.588,4.714,6.8629999999999995,6.92,6.806,6.8629999999999995,6.92,6.806,7.3420000000000005,7.16,7.524,7.3420000000000005,7.16,7.524
2023-06-15T13:20:00Z,35752,405,17784,17,17,,89.6,89.6,,864.842,864.842,,,,,0,4.6,4.9,4.4,14.3,13.9,14.7,10,9.8,10.2,143.7,146.4,141,952.5360000000001,924.334,980.738,256.50300000000004,250.752,262.254,48.443,52.962,43.924,2.83,1.948,3.712,0.321,0.186,0.456,0.197,0.186,0.208,4.3309999999999995,4.242,4.42,4.3309999999999995,4.242,4.42,6.674,6.682,6.666,6.674,6.682,6.666,6.918,6.822,7.014,6.918,6.822,7.014
2023-06-15T13:30:00Z,36352,362,17144,17,17,,89,89,,865.102,865.102,,,,,0,4.4,4.3,4.5,14,13.3,14.7,9.9,9.6,10.2,145.5,149.9,141.3,933.613,889.566,977.66,252.025,243.892,260.158,45.738,45.966,45.51,3.205,3.174,3.236,0.439,0.414,0.464,0.148,0.21,0.086,4.275,4.212,4.338,4.275,4.212,4.338,6.562,6.464,6.66,6.562,6.464,6.66,6.885,6.79,6.98,6.885,6.79,6.98
2023-06-15T13:40:00Z,36952,358,17784,17,17,,89,89,,865.574,865.574,,,,,0,4.5,4.4,4.6,14.1,13.4,14.8,9.9,9.6,10.2,144.7,149.4,140.3,941.611,894.636,988.586,250.07799999999997,237.554,262.602,47.223,46.994,47.452,2.9000000000000004,2.402,3.398,0.652,0.682,0.622,0.42500000000000004,0.304,0.546,4.23,4.12,4.34,4.23,4.12,4.34,6.431,6.18,6.682,6.431,6.18,6.682,6.925,6.686,7.164,6.925,6.686,7.164
2023-06-15T13:50:00Z,37552,361,17464,17,17,,89,89,,865.462,865.462,,,,,0,4.6,4.6,4.6,14.2,13.8,14.7,10,9.8,10.2,143.9,146.8,141.2,949.78,920.558,979.002,254.668,246.064,263.272,48.695,49.324,48.066,3.363,2.772,3.954,0.453,0.268,0.638,0.14,0.088,0.192,4.448,4.512,4.384,4.448,4.512,4.384,6.732,6.644,6.82,6.732,6.644,6.82,7.042,6.804,7.28,7.042,6.804,7.28
2023-06-15T14:00:00Z,38152,366,17464,17,17,,89,89,,865.492,865.492,,,,,0,4.7,4.7,4.6,14.4,14,14.8,10,9.8,10.2,143,145.7,140.4,959.379,931.48,987.278,260.268,249.232,271.304,48.260000000000005,50.32,46.2,2.591,2.162,3.02,0.327,0.262,0.392,0.037,0.074,0,4.367,4.286,4.448,4.367,4.286,4.448,6.593,6.548,6.638,6.593,6.548,6.638,6.85,6.732,6.968,6.85,6.732,6.968
2023-06-15T14:10:00Z,38752,361,17464,17,17,,89,89,,865.622,865.622,,,,,0,4.8,5,4.5,14.7,14.5,14.9,10.2,10.1,10.3,140.9,142.2,139.7,982.0440000000001,968.436,995.652,264.803,261.95,267.656,49.647000000000006,54.34,44.954,2.752,2.562,2.942,0.389,0.298,0.48,0.194,0,0.388,4.468,4.398,4.538,4.468,4.398,4.538,6.737,6.876,6.598,6.737,6.876,6.598,6.991,7.038,6.944,6.991,7.038,6.944
2023-06-15T14:20:00Z,39352,371,18104,17,17,,89,89,,865.676,865.676,,,,,0,4.5,4.4,4.5,14.3,13.6,15,10,9.7,10.3,143.5,148,139.3,954.31,908.794,999.826,254.08,241.848,266.312,47.445,47.952,46.938,4.3260000000000005,4.066,4.586,0.6319999999999999,0.696,0.568,0.162,0.21,0.114,4.2059999999999995,3.748,4.664,4.2059999999999995,3.748,4.664,6.6370000000000005,6.21,7.064,6.6370000000000005,6.21,7.064,7.066000000000001,6.708,7.424,7.066000000000001,6.708,7.424
2023-06-15T14:30:00Z,39952,360,18104,17.6,17.6,,89,89,,865.502,865.502,,,,,0,4.7,4.8,4.7,14.4,14,14.9,10.1,9.9,10.2,142.7,145.4,140.2,962.2570000000001,934.23,990.284,262.05899999999997,256.306,267.812,50.525,52.446,48.604,3.4530000000000003,3.22,3.686,0.33199999999999996,0.346,0.318,0.178,0.15,0.206,4.355,4.228,4.482,4.355,4.228,4.482,6.914,6.804,7.024,6.914,6.804,7.024,7.132,7.024,7.24,7.132,7.024,7.24
2023-06-15T14:40:00Z,40552,372,16482,17.6,17.6,,89,89,,865.95,865.95,,,,,0,4.6,4.9,4.4,14.5,14.3,14.7,10.1,10,10.2,142.3,143.4,141.1,967.431,955.296,979.566,258.575,252.394,264.756,48.6,53.77,43.43,2.939,2.556,3.322,0.483,0.462,0.504,0.28200000000000003,0.342,0.222,4.202,4.104,4.3,4.202,4.104,4.3,6.642,6.65,6.634,6.642,6.65,6.634,7.003,6.992,7.014,7.003,6.992,7.014
2023-06-15T14:50:00Z,41152,373,16504,18,18,,89,89,,865.928,865.928,,,,,0,5,4.8,5.3,15.2,14.2,16.2,10.4,9.9,10.8,138,144.3,132.3,1014.011,945.942,1082.08,273.036,255.632,290.44,53.772,51.126,56.418,3.3049999999999997,2.398,4.212,0.6839999999999999,0.666,0.702,0.163,0.1,0.226,4.731999999999999,4.444,5.02,4.731999999999999,4.444,5.02,7.127,6.718,7.536,7.127,6.718,7.536,7.566000000000001,7.098,8.034,7.566000000000001,7.098,8.034
2023-06-15T15:00:00Z,41753,620,17784,18,18,,89,89,,866.056,866.056,,,,,0,5,5.1,5,15.8,15.2,16.4,10.6,10.4,10.9,134.6,138.2,131.1,1054.237,1011.878,1096.596,282.51300000000003,274.666,290.36,52.661,54.17,51.152,3.5330000000000004,3.08,3.986,0.487,0.37,0.604,0.208,0.11,0.306,4.982,4.83,5.134,4.982,4.83,5.134,7.462,7.33,7.594,7.462,7.33,7.594,7.855,7.62,8.09,7.855,7.62,8.09
2023-06-15T15:10:00Z,42352,370,17784,18,18,,89,89,,865.958,865.958,,,,,0,5.1,4.9,5.3,16.1,15.3,16.8,10.7,10.4,11,133.3,137.4,129.4,1070.191,1021.548,1118.834,289.381,276.216,302.546,53.167,50.686,55.648,4.068,3.496,4.64,0.905,0.678,1.132,0.41200000000000003,0.482,0.342,5.025,4.852,5.198,5.025,4.852,5.198,7.589,7.186,7.992,7.589,7.186,7.992,8.277999999999999,7.75,8.806,8.277999999999999,7.75,8.806
2023-06-15T15:20:00Z,42952,375,17464,18,18,,89,89,,866.304,866.304,,,,,0,5.5,5.5,5.5,16.9,16.4,17.4,11.1,10.9,11.3,128.9,131.6,126.4,1124.708,1090.312,1159.104,302.6,290.64,314.56,58.282,58.814,57.75,4.18,3.096,5.264,0.708,0.284,1.132,0.28,0.116,0.444,5.359999999999999,5.116,5.604,5.359999999999999,5.116,5.604,8.081,7.666,8.496,8.081,7.666,8.496,8.6,7.878,9.322,8.6,7.878,9.322
2023-06-15T15:30:00Z,43552,361,17464,18,18,,89,89,,866.548,866.548,,,,,0,5.5,5.4,5.6,17.1,16.6,17.5,11.1,11,11.3,127.9,130.2,125.7,1138.137,1108.09,1168.184,308.212,297.074,319.35,58.664,57.73,59.598,4.0329999999999995,3.638,4.428,0.525,0.508,0.542,0.28200000000000003,0.396,0.168,5.371,5.254,5.488,5.371,5.254,5.488,8.350999999999999,8.072,8.63,8.350999999999999,8.072,8.63,8.756,8.508,9.004,8.756,8.508,9.004
2023-06-15T15:40:00Z,44152,356,16802,18,18,,89,89,,866.572,866.572,,,,,0,5.5,5.6,5.4,16.7,16.5,16.9,11,10.9,11.1,129.9,131,128.9,1111.897,1098.08,1125.714,301.214,297.798,304.63,58.174,60.644,55.704,3.602,3.542,3.662,0.8820000000000001,0.686,1.078,0.405,0.38,0.43,5.263999999999999,5.358,5.17,5.263999999999999,5.358,5.17,7.974,8.196,7.752,7.974,8.196,7.752,8.636,8.664,8.608,8.636,8.664,8.608
2023-06-15T15:50:00Z,44752,435,18104,18,18,,89,89,,866.508,866.508,,,,,0,5.4,5.6,5.2,16.6,16.1,17.1,11,10.8,11.1,130.4,133.1,127.9,1105.371,1072.504,1138.238,297.725,288.492,306.958,56.762,60.832,52.692,3.8919999999999995,3.272,4.512,0.662,0.254,1.07,0.316,0.254,0.378,5.223000000000001,5.208,5.238,5.223000000000001,5.208,5.238,7.978,8.084,7.872,7.978,8.084,7.872,8.435,8.326,8.544,8.435,8.326,8.544
2023-06-15T16:00:00Z,45352,366,17784,18,18,,89,89,,866.724,866.724,,,,,0,5.1,5.2,5.1,15.8,15.6,16.1,10.6,10.5,10.7,134.5,135.9,133.2,1055.268,1039.316,1071.22,283.08799999999997,276.424,289.752,54.182,54.76,53.604,3.517,2.79,4.244,0.599,0.468,0.73,0.338,0.222,0.454,5.031000000000001,4.968,5.094,5.031000000000001,4.968,5.094,7.611000000000001,7.434,7.788,7.611000000000001,7.434,7.788,8.088000000000001,7.862,8.314,8.088000000000001,7.862,8.314
2023-06-15T16:10:00Z,45952,399,17784,18,18,,89,89,,866.612,866.612,,,,,0,4.8,4.9,4.7,15.3,14.6,16,10.4,10.1,10.7,137.5,141.8,133.5,1019.903,971.888,1067.918,272.156,260.766,283.546,50.532,52.136,48.928,3.676,2.36,4.992,0.533,0.272,0.794,0.088,0,0.176,4.747999999999999,4.526,4.97,4.747999999999999,4.526,4.97,7.263,6.98,7.546,7.263,6.98,7.546,7.598,7.128,8.068,7.598,7.128,8.068
2023-06-15T16:20:00Z,46552,362,17784,18,18,,89,89,,866.516,866.516,,,,,0,4.4,4.6,4.3,14.1,13.6,14.6,9.9,9.7,10.1,145.1,148.2,142,938.0889999999999,905.968,970.21,252.341,244.646,260.036,45.849999999999994,49.842,41.858,3.0090000000000003,2.866,3.152,0.721,0.83,0.612,0.28200000000000003,0.394,0.17,4.319,4.118,4.52,4.319,4.118,4.52,6.468999999999999,6.334,6.604,6.468999999999999,6.334,6.604,7.025,6.944,7.106,7.025,6.944,7.106
2023-06-15T16:30:00Z,47152,487,17464,18,18,,89,89,,866.344,866.344,,,,,0,4.2,4.1,4.2,13.4,12.8,14,9.6,9.3,9.9,149.6,154.1,145.4,892.567,850.776,934.358,240.877,234.182,247.572,43.006,43.214,42.798,2.795,2.652,2.938,0.244,0.08,0.408,0.04,0.08,0,4.015,3.828,4.202,4.015,3.828,4.202,6.171,5.886,6.456,6.171,5.886,6.456,6.305,5.95,6.66,6.305,5.95,6.66
2023-06-15T16:40:00Z,47752,360,18104,17.8,17.8,,89,89,,866.45,866.45,,,,,0,4.2,4.3,4.1,12.8,12.6,13.1,9.3,9.2,9.4,153.6,155.5,151.7,855.187,837.806,872.568,228.511,225.172,231.85,44.114000000000004,46.194,42.034,2.38,1.974,2.786,0.252,0.164,0.34,0.041,0,0.082,3.574,3.464,3.684,3.574,3.464,3.684,5.77,5.72,5.82,5.77,5.72,5.82,5.914999999999999,5.802,6.028,5.914999999999999,5.802,6.028
2023-06-15T16:50:00Z,48352,378,17464,17.6,17.6,,89,89,,866.216,866.216,,,,,0,4.1,4.2,3.9,12.5,12,13,9.2,8.9,9.4,156,160,152.1,833.69,798.376,869.004,224.662,216.138,233.186,43.314,47.26,39.368,3.144,2.754,3.534,0.42600000000000005,0.198,0.654,0.256,0.198,0.314,3.553,3.25,3.856,3.553,3.25,3.856,5.758,5.714,5.802,5.758,5.714,5.802,6.09,5.864,6.316,6.09,5.864,6.316
2023-06-15T17:00:00Z,48952,367,16824,17.2,17.2,,89,89,,866.464,866.464,,,,,0,3.8,3.9,3.8,11.4,10.9,11.8,8.6,8.4,8.8,164.9,168.5,161.5,758.008,729.968,786.048,205.29399999999998,197.182,213.406,41.215,42.694,39.736,2.1479999999999997,2.042,2.254,0.348,0.188,0.508,0.188,0.188,0.188,3.173,3.118,3.228,3.173,3.118,3.228,4.9879999999999995,4.976,5,4.9879999999999995,4.976,5,5.282,5.16,5.404,5.282,5.16,5.404
2023-06-15T17:10:00Z,49552,361,17784,17,17,,89,89,,866.524,866.524,,,,,0,3.6,3.6,3.6,11.2,11,11.5,8.5,8.4,8.7,166,168.4,163.6,749.7829999999999,731.006,768.56,201.05900000000003,197.27,204.848,37.473,38.184,36.762,2.041,1.666,2.416,0.482,0.43,0.534,0.23,0.264,0.196,3.258,3.192,3.324,3.258,3.192,3.324,4.862,4.816,4.908,4.862,4.816,4.908,5.196,5.13,5.262,5.196,5.13,5.262
2023-06-15T17:20:00Z,50152,359,17784,17,17,,89,89,,866.552,866.552,,,,,0,3.6,3.5,3.6,10.7,10.2,11.2,8.3,8,8.5,170.8,175.5,166.4,712.782,679.306,746.258,190.551,182.298,198.804,37.518,37.436,37.6,1.556,1.508,1.604,0.21900000000000003,0.274,0.164,0.067,0.134,0,2.857,2.756,2.958,2.857,2.756,2.958,4.574999999999999,4.302,4.848,4.574999999999999,4.302,4.848,4.72,4.51,4.93,4.72,4.51,4.93
2023-06-15T17:30:00Z,50752,368,17464,17,17,,89,89,,866.448,866.448,,,,,0,3.5,3.5,3.5,10.4,10,10.8,8.1,7.9,8.3,173.6,177.2,170.1,692.614,667.288,717.94,187.736,181.714,193.758,38.135000000000005,38.514,37.756,2.3579999999999997,2.09,2.626,0.554,0.458,0.65,0.318,0.16,0.476,2.715,2.572,2.858,2.715,2.572,2.858,4.447,4.198,4.696,4.447,4.198,4.696,4.923,4.608,5.238,4.923,4.608,5.238
2023-06-15T17:40:00Z,51352,369,18104,17,17,,89,89,,866.63,866.63,,,,,0,3.3,3.2,3.4,10.3,9.8,10.8,8.1,7.8,8.3,174.3,179,169.9,687.427,654.966,719.888,186.839,179.084,194.594,34.387,34.35,34.424,2.088,2.216,1.96,0.221,0.186,0.256,0.172,0.186,0.158,2.73,2.55,2.91,2.73,2.55,2.91,4.420999999999999,4.25,4.592,4.420999999999999,4.25,4.592,4.6080000000000005,4.428,4.788,4.6080000000000005,4.428,4.788
2023-06-15T17:50:00Z,51952,360,17464,17,17,,89,89,,866.68,866.68,,,,,0,3.1,3.2,3,9.7,9.6,9.8,7.7,7.7,7.8,179.9,180.9,178.8,649.0889999999999,641.96,656.218,174.546,173.308,175.784,31.871000000000002,34.82,28.922,1.675,2.46,0.89,0.20600000000000002,0.088,0.324,0.08099999999999999,0.088,0.074,2.558,2.374,2.742,2.558,2.374,2.742,4.069,4.194,3.944,4.069,4.194,3.944,4.225,4.27,4.18,4.225,4.27,4.18
2023-06-15T18:00:00Z,52552,367,17784,17,17,,89,89,,866.756,866.756,,,,,0,3.2,3.1,3.2,9.4,9.2,9.6,7.5,7.4,7.7,183.4,185.4,181.5,625.75,613.044,638.456,170.565,166.188,174.942,33.488,33.114,33.862,1.499,1.688,1.31,0.188,0.172,0.204,0.044,0,0.088,2.444,2.232,2.656,2.444,2.232,2.656,3.952,3.816,4.088,3.952,3.816,4.088,4.102,3.912,4.292,4.102,3.912,4.292
2023-06-15T18:10:00Z,53152,363,17144,17,17,,89,89,,866.554,866.554,,,,,0,3.1,3.1,3,9.1,8.9,9.3,7.4,7.3,7.5,186.1,188.1,184.1,608.961,596.526,621.396,165.55,163.354,167.746,32.937,34.08,31.794,2.092,1.528,2.656,0.261,0.08,0.442,0.07500000000000001,0.08,0.07,2.302,2.176,2.428,2.302,2.176,2.428,3.947,3.798,4.096,3.947,3.798,4.096,4.128,3.872,4.384,4.128,3.872,4.384
2023-06-15T18:20:00Z,53752,369,17464,17,17,,89,89,,866.738,866.738,,,,,0,2.9,3,2.9,8.6,8.2,9,7.1,6.9,7.3,192,196.4,187.8,572.726,547.498,597.954,155.981,150.07,161.892,31.443,33.094,29.792,1.605,1.256,1.954,0.047,0,0.094,0.047,0,0.094,2.065,1.842,2.288,2.065,1.842,2.288,3.577,3.344,3.81,3.577,3.344,3.81,3.604,3.344,3.864,3.604,3.344,3.864
2023-06-15T18:30:00Z,54352,362,17784,17,17,,89,89,,866.75,866.75,,,,,0,3,3.1,2.9,8.7,8.4,9,7.2,7,7.3,190.8,193.8,187.9,580.13,562.518,597.742,157.978,155.144,160.812,33.038,35.916,30.16,2.093,1.872,2.314,0.32,0.382,0.258,0.048,0.096,0,2.003,2.06,1.946,2.003,2.06,1.946,3.5759999999999996,3.65,3.502,3.5759999999999996,3.65,3.502,3.774,3.886,3.662,3.774,3.886,3.662
2023-06-15T18:40:00Z,54952,362,17144,17,17,,89,89,,866.372,866.372,,,,,0,2.9,3.1,2.8,8.8,8.5,9,7.2,7.1,7.3,189.8,192.7,187,585.985,568.952,603.018,159.481,154.924,164.038,31.188000000000002,34.682,27.694,1.942,2.142,1.742,0.131,0,0.262,0.078,0,0.156,2.141,1.976,2.306,2.141,1.976,2.306,3.739,3.802,3.676,3.739,3.802,3.676,3.851,3.802,3.9,3.851,3.802,3.9
2023-06-15T18:50:00Z,55552,362,17464,17,17,,89,89,,866.434,866.434,,,,,0,2.8,3,2.6,8.6,8.5,8.6,7.1,7,7.1,192.4,193.3,191.5,570.45,565.118,575.782,153.416,152.86,153.972,30.282,32.762,27.802,2.693,1.878,3.508,0.434,0.094,0.774,0.341,0,0.682,2.099,2.122,2.076,2.099,2.122,2.076,3.6660000000000004,3.736,3.596,3.6660000000000004,3.736,3.596,4.017,3.82,4.214,4.017,3.82,4.214
2023-06-15T19:00:00Z,56152,362,17784,17,17,,89,89,,866.554,866.554,,,,,0,2.7,2.6,2.7,8,7.8,8.3,6.7,6.6,6.9,198.9,202,195.9,533.796,517.014,550.578,144.786,140.046,149.526,28.448999999999998,27.81,29.088,1.626,0.88,2.372,0.16999999999999998,0.092,0.248,0.124,0,0.248,1.851,1.754,1.948,1.851,1.754,1.948,3.316,2.972,3.66,3.316,2.972,3.66,3.424,3.018,3.83,3.424,3.018,3.83
2023-06-15T19:10:00Z,56752,377,17784,17,17,,89,89,,866.154,866.154,,,,,0,2.6,2.7,2.5,7.9,7.8,7.9,6.6,6.6,6.7,200.8,201.4,200.1,523.7,520.34,527.06,142.315,139.022,145.608,27.868000000000002,29.706,26.03,2.06,1.544,2.576,0.172,0,0.344,0.044,0,0.088,1.908,1.892,1.924,1.908,1.892,1.924,3.299,3.28,3.318,3.299,3.28,3.318,3.409,3.28,3.538,3.409,3.28,3.538
2023-06-15T19:20:00Z,57352,364,16824,17,17,,89,89,,866.786,866.786,,,,,0,2.7,2.7,2.7,8,8,8,6.7,6.7,6.7,198.8,198.8,198.7,534.48,534.218,534.742,143.071,141.932,144.21,29.337,28.986,29.688,1.783,1.268,2.298,0.106,0.104,0.108,0.052,0.104,0,1.858,1.922,1.794,1.858,1.922,1.794,3.2560000000000002,3.164,3.348,3.2560000000000002,3.164,3.348,3.3310000000000004,3.232,3.43,3.3310000000000004,3.232,3.43
2023-06-15T19:30:00Z,57952,355,17464,17.2,17.2,,89,89,,866.31,866.31,,,,,0,2.6,2.6,2.7,8.1,7.9,8.3,6.8,6.7,6.9,197.8,199.9,195.7,540.1030000000001,528.556,551.65,145.034,141.372,148.696,28.076,28.234,27.918,1.8900000000000001,1.926,1.854,0.21100000000000002,0.278,0.144,0.07700000000000001,0.084,0.07,1.829,1.774,1.884,1.829,1.774,1.884,3.17,3.07,3.27,3.17,3.07,3.27,3.3390000000000004,3.244,3.434,3.3390000000000004,3.244,3.434
2023-06-15T19:40:00Z,58552,388,17464,17,17,,89,89,,866.816,866.816,,,,,0,2.6,2.8,2.4,7.8,7.9,7.8,6.6,6.7,6.6,200.8,200.3,201.4,523.293,526.35,520.236,141.58100000000002,142.008,141.154,27.849,31.226,24.472,1.419,1.158,1.68,0.32,0.086,0.554,0.156,0,0.312,1.736,1.744,1.728,1.736,1.744,1.728,2.941,3.054,2.828,2.941,3.054,2.828,3.148,3.104,3.192,3.148,3.104,3.192
2023-06-15T19:50:00Z,59152,368,17464,17,17,,89,89,,866.314,866.314,,,,,0,2.5,2.6,2.4,7.5,7.5,7.5,6.4,6.4,6.4,205.1,204.9,205.4,500.597,501.686,499.508,135.789,136.608,134.97,27.624000000000002,29.574,25.674,2.051,2.222,1.88,0.352,0.292,0.412,0.242,0.292,0.192,1.5510000000000002,1.608,1.494,1.5510000000000002,1.608,1.494,2.9699999999999998,3.076,2.864,2.9699999999999998,3.076,2.864,3.2430000000000003,3.302,3.184,3.2430000000000003,3.302,3.184
2023-06-15T20:00:00Z,59752,358,17144,17,17,,89,89,,865.604,865.604,,,,,0,2.4,2.4,2.4,7.4,7.1,7.6,6.3,6.2,6.5,207,210.4,203.8,490.972,474.32,507.624,133.16000000000003,128.752,137.568,25.029,25.572,24.486,1.401,1.18,1.622,0.251,0.196,0.306,0.098,0.098,0.098,1.5350000000000001,1.324,1.746,1.5350000000000001,1.324,1.746,2.692,2.406,2.978,2.692,2.406,2.978,2.872,2.544,3.2,2.872,2.544,3.2
2023-06-15T20:10:00Z,60352,364,17464,17,17,,89,89,,866.228,866.228,,,,,0,2.4,2.6,2.3,7.2,7.1,7.3,6.2,6.1,6.3,209.8,211.2,208.5,477.03999999999996,470.472,483.608,128.879,127.04,130.718,27.395,29.768,25.022,2.52,2.38,2.66,0.33499999999999996,0.286,0.384,0.11399999999999999,0.102,0.126,1.574,1.59,1.558,1.574,1.59,1.558,3.051,3.188,2.914,3.051,3.188,2.914,3.2430000000000003,3.35,3.136,3.2430000000000003,3.35,3.136
2023-06-15T20:20:00Z,60952,354,18104,17,17,,89,89,,866.516,866.516,,,,,0,2.4,2.4,2.4,7.4,7.2,7.5,6.3,6.3,6.4,206.7,208.7,204.8,492.55899999999997,482.786,502.332,132.941,130.442,135.44,25.371000000000002,26.334,24.408,1.646,1.462,1.83,0.349,0.294,0.404,0.196,0.204,0.188,1.7810000000000001,1.696,1.866,1.774,1.682,1.866,2.9400000000000004,2.942,2.938,2.9400000000000004,2.942,2.938,3.193,3.136,3.25,3.193,3.136,3.25
2023-06-15T20:30:00Z,61552,359,17784,17.4,17.4,,89,89,,866.466,866.466,,,,,0,2.7,2.6,2.7,7.9,7.6,8.2,6.7,6.5,6.9,200,203.4,196.6,528.034,509.518,546.55,141.962,134.166,149.758,28.735,28.09,29.38,1.3639999999999999,0.966,1.762,0.16199999999999998,0.146,0.178,0.079,0.076,0.082,1.885,1.73,2.04,1.885,1.73,2.04,3.202,2.966,3.438,3.202,2.966,3.438,3.311,3.054,3.568,3.311,3.054,3.568
2023-06-15T20:40:00Z,62152,364,17784,17.4,17.4,,89,89,,866.154,866.154,,,,,0,2.6,2.8,2.4,7.7,7.8,7.6,6.6,6.6,6.5,202.4,201.3,203.6,514.777,520.834,508.72,140.096,140.934,139.258,28.817,32.072,25.562,1.762,1.752,1.772,0.083,0,0.166,0.042,0,0.084,1.905,1.86,1.95,1.905,1.86,1.95,3.2439999999999998,3.284,3.204,3.2439999999999998,3.284,3.204,3.303,3.284,3.322,3.303,3.284,3.322
2023-06-15T20:50:00Z,62752,371,17784,17.4,17.4,,89,89,,866.028,866.028,,,,,0,2.4,2.4,2.3,7.5,7.4,7.5,6.4,6.4,6.4,205.6,206.6,204.6,498.332,493.388,503.276,133.014,130.902,135.126,24.844,25.844,23.844,1.9569999999999999,2.276,1.638,0.185,0.096,0.274,0,0,0,1.629,1.588,1.67,1.629,1.588,1.67,2.98,3.046,2.914,2.98,3.046,2.914,3.09,3.116,3.064,3.09,3.116,3.064
2023-06-15T21:00:00Z,63352,399,17784,17.6,17.6,,88.6,88.6,,866.24,866.24,,,,,0,2.6,2.5,2.6,7.5,7.1,7.9,6.4,6.2,6.7,205.2,210.3,200.3,500.38300000000004,474.79,525.976,135.00900000000001,129.522,140.496,28.711,28.21,29.212,2.176,1.83,2.522,0.29200000000000004,0.19,0.394,0.15,0.19,0.11,1.634,1.628,1.64,1.634,1.628,1.64,3.089,3.012,3.166,3.089,3.012,3.166,3.314,3.166,3.462,3.314,3.166,3.462
2023-06-15T21:10:00Z,63952,377,17784,17.4,17.4,,88.8,88.8,,866.388,866.388,,,,,0,2.4,2.4,2.4,7.4,7.3,7.5,6.4,6.3,6.4,206.2,207.2,205.2,495.23400000000004,489.91,500.558,133.127,130.1,136.154,26.201999999999998,26.096,26.308,2.098,1.782,2.414,0.185,0.254,0.116,0.08099999999999999,0.076,0.086,1.553,1.454,1.652,1.553,1.454,1.652,2.9939999999999998,2.85,3.138,2.9939999999999998,2.85,3.138,3.1180000000000003,3,3.236,3.1180000000000003,3,3.236
2023-06-15T21:20:00Z,64552,388,18104,17,17,,88.8,88.8,,866.238,866.238,,,,,0,2.4,2.5,2.4,7.3,7.3,7.2,6.3,6.3,6.3,208.2,207.8,208.6,485.079,486.99,483.168,130.747,129.142,132.352,26.467,27.18,25.754,1.991,1.624,2.358,0.4,0.258,0.542,0.089,0,0.178,1.6019999999999999,1.754,1.45,1.6019999999999999,1.754,1.45,2.848,2.93,2.766,2.848,2.93,2.766,3.125,3.126,3.124,3.125,3.126,3.124
2023-06-15T21:30:00Z,65152,360,16824,17.2,17.2,,88,88,,866.076,866.076,,,,,0,2.2,2.2,2.2,7.1,6.9,7.4,6.2,6,6.3,210,213.4,206.8,475.98,459.594,492.366,126.748,120.994,132.502,23.153,23.722,22.584,1.714,1.444,1.984,0.179,0.088,0.27,0.052,0,0.104,1.573,1.562,1.584,1.573,1.562,1.584,2.7539999999999996,2.756,2.752,2.7539999999999996,2.756,2.752,2.87,2.802,2.938,2.87,2.802,2.938
2023-06-15T21:40:00Z,65752,357,17464,17.2,17.2,,88.4,88.4,,866.152,866.152,,,,,0,2.4,2.4,2.4,7.1,6.8,7.4,6.1,5.9,6.3,211.1,215.2,207.2,470.799,451.214,490.384,128.983,124.63,133.336,26.102,25.418,26.786,1.602,0.846,2.358,0.058,0.1,0.016,0.008,0,0.016,1.669,1.62,1.718,1.669,1.62,1.718,2.943,2.716,3.17,2.943,2.716,3.17,3.0140000000000002,2.794,3.234,3.0140000000000002,2.794,3.234
2023-06-15T21:50:00Z,66352,358,17464,17.8,17.8,,89,89,,866.37,866.37,,,,,0,2.4,2.4,2.4,7.5,7.3,7.6,6.4,6.3,6.5,205.6,207.5,203.7,498.28499999999997,488.514,508.056,133.48399999999998,130.476,136.492,24.933,25.206,24.66,1.4340000000000002,1.278,1.59,0.263,0.28,0.246,0.13,0.104,0.156,1.812,1.788,1.836,1.812,1.788,1.836,2.99,3.01,2.97,2.99,3.01,2.97,3.212,3.232,3.192,3.212,3.232,3.192
2023-06-15T22:00:00Z,66952,357,17464,18,18,,88,88,,866.53,866.53,,,,,0,2.4,2.4,2.3,7.3,7.1,7.6,6.3,6.2,6.5,207.5,210.8,204.2,488.804,472.044,505.564,133.347,128.728,137.966,24.596,25.876,23.316,1.567,1.712,1.422,0.08499999999999999,0.092,0.078,0.046,0.092,0,1.639,1.714,1.564,1.639,1.714,1.564,2.972,3.148,2.796,2.972,3.148,2.796,3.0149999999999997,3.194,2.836,3.0149999999999997,3.194,2.836
2023-06-15T22:10:00Z,67552,363,17784,17.8,17.8,,88,88,,866.78,866.78,,,,,0,2.3,2.4,2.3,7.3,7.3,7.3,6.3,6.3,6.3,207.9,208.4,207.4,486.488,484.062,488.914,130.989,129.44,132.538,24.331,25.31,23.352,1.524,1.66,1.388,0.32,0.102,0.538,0.13999999999999999,0.102,0.178,1.535,1.628,1.442,1.535,1.628,1.442,2.706,2.806,2.606,2.706,2.806,2.606,2.8970000000000002,2.856,2.938,2.8970000000000002,2.856,2.938
2023-06-15T22:20:00Z,68152,360,17464,18,18,,88,88,,866.986,866.986,,,,,0,2.3,2.2,2.4,7.1,6.6,7.6,6.2,5.8,6.5,210.5,217.5,204,473.657,440.568,506.746,124.709,114.316,135.102,24.264,23.72,24.808,1.17,0.758,1.582,0.23299999999999998,0.292,0.174,0,0,0,1.408,1.166,1.65,1.408,1.166,1.65,2.5090000000000003,2.116,2.902,2.5090000000000003,2.116,2.902,2.6559999999999997,2.282,3.03,2.6559999999999997,2.282,3.03
2023-06-15T22:30:00Z,68752,371,17784,17.6,17.6,,88,88,,866.87,866.87,,,,,0,2.2,2.2,2.2,7,6.8,7.3,6.1,5.9,6.3,211.4,215.4,207.6,469.209,450.32,488.098,126.095,120.544,131.646,23,23.156,22.844,1.508,1.27,1.746,0.132,0.168,0.096,0.038,0.076,0,1.4169999999999998,1.408,1.426,1.4169999999999998,1.408,1.426,2.545,2.496,2.594,2.545,2.496,2.594,2.659,2.616,2.702,2.659,2.616,2.702
2023-06-15T22:40:00Z,69352,381,18104,17.8,17.8,,88,88,,866.972,866.972,,,,,0,2.5,2.5,2.4,7.5,7.2,7.7,6.4,6.2,6.6,205.7,209,202.5,497.642,481.102,514.182,132.321,126.018,138.624,26.863,28.358,25.368,1.597,1.52,1.674,0.192,0,0.384,0.09,0,0.18,1.616,1.582,1.65,1.616,1.582,1.65,2.9459999999999997,2.9,2.992,2.9459999999999997,2.9,2.992,3.0869999999999997,2.936,3.238,3.0869999999999997,2.936,3.238
2023-06-15T22:50:00Z,69952,355,17464,17.6,17.6,,88,88,,867.088,867.088,,,,,0,2.6,2.6,2.6,7.6,7,8.1,6.5,6.1,6.8,204.5,211.3,198.1,503.962,469.89,538.034,135.255,126.6,143.91,28.569000000000003,29.91,27.228,1.221,1.074,1.368,0.242,0,0.484,0.087,0,0.174,1.7810000000000001,1.688,1.874,1.7810000000000001,1.688,1.874,3.113,3.06,3.166,3.113,3.06,3.166,3.271,3.06,3.482,3.271,3.06,3.482
2023-06-15T23:00:00Z,70552,364,16824,17,17,,88.8,88.8,,867.028,867.028,,,,,0,2.4,2.4,2.4,7.4,7,7.8,6.4,6.1,6.6,206.3,211.5,201.4,494.64199999999994,469.042,520.242,133.10000000000002,125.87,140.33,25.416,25.762,25.07,1.938,1.444,2.432,0.5489999999999999,0.404,0.694,0.278,0.196,0.36,1.646,1.616,1.676,1.646,1.616,1.676,2.8579999999999997,2.804,2.912,2.8579999999999997,2.804,2.912,3.274,3.106,3.442,3.274,3.106,3.442
2023-06-15T23:10:00Z,71152,392,17464,17.2,17.2,,88.2,88.2,,866.79,866.79,,,,,0,2.5,2.4,2.6,7.6,7.2,7.9,6.5,6.2,6.7,204.3,209,199.8,504.97700000000003,481.052,528.902,136.317,129.054,143.58,26.845999999999997,25.862,27.83,1.576,1.378,1.774,0.151,0,0.302,0,0,0,1.744,1.742,1.746,1.744,1.742,1.746,3.074,2.958,3.19,3.074,2.958,3.19,3.16,2.958,3.362,3.16,2.958,3.362
2023-06-15T23:20:00Z,71752,359,17464,17.2,17.2,,88,88,,866.91,866.91,,,,,0,2.5,2.5,2.5,7.8,7.5,8.2,6.6,6.4,6.8,200.8,204.7,197.1,523.3149999999999,502.734,543.896,139.337,133.014,145.66,26.167,26.178,26.156,1.9929999999999999,1.67,2.316,0.32,0.268,0.372,0.038,0,0.076,1.698,1.758,1.638,1.698,1.758,1.638,3.007,3.056,2.958,3.007,3.056,2.958,3.224,3.21,3.238,3.224,3.21,3.238
2023-06-15T23:30:00Z,72352,363,17464,17,17,,88,88,,867.062,867.062,,,,,0,2.5,2.5,2.5,7.7,7.5,8,6.6,6.4,6.7,202.1,205.3,199.1,516.344,499.74,532.948,136.901,130.924,142.878,26.518,26.778,26.258,1.332,0.79,1.874,0.041,0,0.082,0,0,0,1.77,1.71,1.83,1.77,1.71,1.83,3.015,2.966,3.064,3.015,2.966,3.064,3.051,2.986,3.116,3.051,2.986,3.116
2023-06-15T23:40:00Z,72952,372,18104,17,17,,88.2,88.2,,867.066,867.066,,,,,0,2.5,2.5,2.6,7.8,7.4,8.3,6.6,6.4,6.9,200.9,206.4,195.6,523.1120000000001,493.99,552.234,140.911,134.464,147.358,26.755000000000003,25.614,27.896,1.7439999999999998,0.728,2.76,0.287,0.098,0.476,0.049,0,0.098,1.857,1.822,1.892,1.857,1.822,1.892,3.161,2.892,3.43,3.161,2.892,3.43,3.343,2.94,3.746,3.343,2.94,3.746
2023-06-15T23:50:00Z,73552,363,17784,17,17,,88,88,,867.014,867.014,,,,,0,2.6,2.6,2.6,7.7,7.3,8.1,6.5,6.3,6.8,202.8,207.9,197.9,513.076,486.706,539.446,139.47199999999998,132.66,146.284,27.442999999999998,27.898,26.988,1.4329999999999998,1.126,1.74,0.322,0.27,0.374,0.084,0.168,0,1.649,1.502,1.796,1.649,1.502,1.796,2.9850000000000003,2.748,3.222,2.9850000000000003,2.748,3.222,3.199,2.978,3.42,3.199,2.978,3.42
